V	1.000k	10.000k	100.000k	1.000M
-3.000000E+0	8.925950E-3	3.032290E-2	2.442880E-1	3.104730E+0
-2.950000E+0	8.689280E-3	3.024010E-2	2.439950E-1	3.101800E+0
-2.900000E+0	8.761360E-3	3.015360E-2	2.437950E-1	3.098950E+0
-2.850000E+0	8.557690E-3	3.008020E-2	2.436350E-1	3.095980E+0
-2.800000E+0	8.577100E-3	3.000700E-2	2.433890E-1	3.093790E+0
-2.750000E+0	8.546310E-3	2.995930E-2	2.431860E-1	3.090950E+0
-2.700000E+0	8.134490E-3	2.990200E-2	2.429760E-1	3.088520E+0
-2.650000E+0	8.047760E-3	2.978870E-2	2.427870E-1	3.086490E+0
-2.600000E+0	8.343890E-3	2.930400E-2	2.426040E-1	3.083830E+0
-2.550000E+0	8.020750E-3	2.924550E-2	2.424510E-1	3.081190E+0
-2.500000E+0	8.020770E-3	2.937590E-2	2.422560E-1	3.078390E+0
-2.450000E+0	7.850470E-3	2.942430E-2	2.420540E-1	3.076340E+0
-2.400000E+0	8.095760E-3	2.944000E-2	2.418410E-1	3.074080E+0
-2.350000E+0	7.793090E-3	2.939490E-2	2.417060E-1	3.071440E+0
-2.300000E+0	7.709890E-3	2.949070E-2	2.414490E-1	3.069090E+0
-2.250000E+0	7.728190E-3	2.941010E-2	2.412040E-1	3.066340E+0
-2.200000E+0	7.761230E-3	2.933460E-2	2.411100E-1	3.064160E+0
-2.150000E+0	7.699130E-3	2.929670E-2	2.409570E-1	3.061730E+0
-2.100000E+0	7.611350E-3	2.911640E-2	2.406840E-1	3.059640E+0
-2.050000E+0	7.526090E-3	2.894280E-2	2.405640E-1	3.056700E+0
-2.000000E+0	7.575290E-3	2.886730E-2	2.403830E-1	3.054390E+0
-1.950000E+0	7.491330E-3	2.871710E-2	2.402190E-1	3.051910E+0
-1.900000E+0	7.488760E-3	2.863180E-2	2.400290E-1	3.049610E+0
-1.850000E+0	7.254940E-3	2.860790E-2	2.398810E-1	3.046890E+0
-1.800000E+0	7.380460E-3	2.853880E-2	2.396800E-1	3.044780E+0
-1.750000E+0	7.337260E-3	2.857560E-2	2.394850E-1	3.042310E+0
-1.700000E+0	7.348750E-3	2.852870E-2	2.393400E-1	3.040230E+0
-1.650000E+0	7.233100E-3	2.849080E-2	2.391730E-1	3.037530E+0
-1.600000E+0	7.175180E-3	2.856160E-2	2.389800E-1	3.034410E+0
-1.550000E+0	7.055770E-3	2.858410E-2	2.388450E-1	3.032550E+0
-1.500000E+0	6.975430E-3	2.851930E-2	2.386480E-1	3.030390E+0
-1.450000E+0	6.793490E-3	2.840740E-2	2.384750E-1	3.027500E+0
-1.400000E+0	6.741140E-3	2.836040E-2	2.383510E-1	3.024800E+0
-1.350000E+0	6.807720E-3	2.824860E-2	2.381600E-1	3.022730E+0
-1.300000E+0	6.782080E-3	2.810510E-2	2.380090E-1	3.020290E+0
-1.250000E+0	6.952390E-3	2.804090E-2	2.377860E-1	3.017850E+0
-1.200000E+0	6.895840E-3	2.781820E-2	2.376500E-1	3.015030E+0
-1.150000E+0	6.732700E-3	2.781600E-2	2.374840E-1	3.012550E+0
-1.100000E+0	6.665360E-3	2.780900E-2	2.373320E-1	3.010060E+0
-1.050000E+0	6.549140E-3	2.777520E-2	2.371130E-1	3.007680E+0
-1.000000E+0	6.494300E-3	2.768400E-2	2.370000E-1	3.005380E+0
-9.500000E-1	6.514780E-3	2.780400E-2	2.368310E-1	3.002990E+0
-9.000000E-1	6.475150E-3	2.779940E-2	2.367180E-1	3.000260E+0
-8.500000E-1	6.485310E-3	2.780460E-2	2.365280E-1	2.997930E+0
-8.000000E-1	6.521090E-3	2.790150E-2	2.363510E-1	2.995210E+0
-7.500000E-1	6.409680E-3	2.777370E-2	2.361770E-1	2.992370E+0
-7.000000E-1	6.298540E-3	2.767900E-2	2.360650E-1	2.989870E+0
-6.500000E-1	6.800170E-3	2.759590E-2	2.358870E-1	2.987380E+0
-6.000000E-1	5.958870E-3	2.750280E-2	2.357300E-1	2.984940E+0
-5.500000E-1	6.327160E-3	2.744080E-2	2.355770E-1	2.982160E+0
-5.000000E-1	6.031520E-3	2.736320E-2	2.354700E-1	2.979560E+0
-4.500000E-1	6.143250E-3	2.724890E-2	2.353210E-1	2.977290E+0
-4.000000E-1	6.100830E-3	2.713820E-2	2.351450E-1	2.974410E+0
-3.500000E-1	6.043340E-3	2.722450E-2	2.350260E-1	2.971730E+0
-3.000000E-1	6.033390E-3	2.717220E-2	2.348670E-1	2.969170E+0
-2.500000E-1	6.109990E-3	2.717790E-2	2.347380E-1	2.966310E+0
-2.000000E-1	6.128900E-3	2.720560E-2	2.345570E-1	2.963820E+0
-1.500000E-1	6.031280E-3	2.730820E-2	2.344220E-1	2.960960E+0
-1.000000E-1	6.049950E-3	2.727170E-2	2.342970E-1	2.958670E+0
-5.000000E-2	5.973860E-3	2.734290E-2	2.342040E-1	2.955940E+0
0.000000E+0	5.868560E-3	2.728390E-2	2.340120E-1	2.952970E+0
5.000000E-2	6.005670E-3	2.727270E-2	2.338790E-1	2.950590E+0
1.000000E-1	5.986730E-3	2.720320E-2	2.337260E-1	2.948030E+0
1.500000E-1	5.919990E-3	2.708780E-2	2.336190E-1	2.945200E+0
2.000000E-1	5.976570E-3	2.699860E-2	2.334690E-1	2.942560E+0
2.500000E-1	5.977510E-3	2.688730E-2	2.333800E-1	2.939770E+0
3.000000E-1	5.856380E-3	2.686070E-2	2.332430E-1	2.936920E+0
3.500000E-1	5.969790E-3	2.681950E-2	2.331110E-1	2.934460E+0
4.000000E-1	5.645330E-3	2.676710E-2	2.329930E-1	2.931980E+0
4.500000E-1	5.597100E-3	2.676920E-2	2.328840E-1	2.928930E+0
5.000000E-1	5.617840E-3	2.683470E-2	2.328050E-1	2.925930E+0
5.500000E-1	5.751980E-3	2.700230E-2	2.326850E-1	2.923750E+0
6.000000E-1	5.645410E-3	2.694880E-2	2.325970E-1	2.920930E+0
6.500000E-1	5.677160E-3	2.684060E-2	2.324670E-1	2.918220E+0
7.000000E-1	5.884990E-3	2.682330E-2	2.323380E-1	2.915440E+0
7.500000E-1	5.745270E-3	2.685650E-2	2.322530E-1	2.912720E+0
8.000000E-1	5.640910E-3	2.687620E-2	2.321300E-1	2.910100E+0
8.500000E-1	5.655860E-3	2.680990E-2	2.320290E-1	2.907320E+0
9.000000E-1	5.765000E-3	2.683860E-2	2.319640E-1	2.904760E+0
9.500000E-1	5.831540E-3	2.684050E-2	2.318360E-1	2.902000E+0
1.000000E+0	5.996180E-3	2.683370E-2	2.317060E-1	2.898950E+0
1.050000E+0	5.728240E-3	2.678280E-2	2.316860E-1	2.896290E+0
1.100000E+0	5.906320E-3	2.680410E-2	2.315430E-1	2.893520E+0
1.150000E+0	5.642550E-3	2.683290E-2	2.314680E-1	2.890600E+0
1.200000E+0	5.973560E-3	2.677990E-2	2.314160E-1	2.887750E+0
1.250000E+0	5.601320E-3	2.675540E-2	2.313150E-1	2.884780E+0
1.300000E+0	5.869650E-3	2.682630E-2	2.312500E-1	2.882500E+0
1.350000E+0	5.861540E-3	2.679150E-2	2.311880E-1	2.879420E+0
1.400000E+0	5.790380E-3	2.682800E-2	2.310630E-1	2.876810E+0
1.450000E+0	5.818690E-3	2.681770E-2	2.309630E-1	2.873960E+0
1.500000E+0	5.868840E-3	2.683630E-2	2.309120E-1	2.870980E+0
1.550000E+0	5.790310E-3	2.679860E-2	2.308680E-1	2.868160E+0
1.600000E+0	5.938120E-3	2.687370E-2	2.308120E-1	2.865310E+0
1.650000E+0	5.580280E-3	2.681110E-2	2.307050E-1	2.862330E+0
1.700000E+0	5.791370E-3	2.689280E-2	2.306650E-1	2.859200E+0
1.750000E+0	5.660630E-3	2.684450E-2	2.305770E-1	2.856580E+0
1.800000E+0	5.857210E-3	2.691460E-2	2.305160E-1	2.853520E+0
1.850000E+0	5.862690E-3	2.689750E-2	2.304980E-1	2.850470E+0
1.900000E+0	6.049750E-3	2.689810E-2	2.303880E-1	2.847630E+0
1.950000E+0	5.958320E-3	2.690680E-2	2.303280E-1	2.844750E+0
2.000000E+0	5.889150E-3	2.691420E-2	2.302330E-1	2.841530E+0
2.050000E+0	5.859290E-3	2.700170E-2	2.302470E-1	2.838760E+0
2.100000E+0	6.332340E-3	2.699530E-2	2.301610E-1	2.835960E+0
2.150000E+0	5.965850E-3	2.710090E-2	2.301240E-1	2.832470E+0
2.200000E+0	6.030420E-3	2.717090E-2	2.300680E-1	2.829720E+0
2.250000E+0	5.991620E-3	2.719300E-2	2.300460E-1	2.826720E+0
2.300000E+0	6.182980E-3	2.731650E-2	2.299440E-1	2.823740E+0
2.350000E+0	6.020670E-3	2.727060E-2	2.299170E-1	2.820860E+0
2.400000E+0	6.198360E-3	2.730450E-2	2.298720E-1	2.817880E+0
2.450000E+0	6.091400E-3	2.724490E-2	2.298620E-1	2.814310E+0
2.500000E+0	6.309490E-3	2.716270E-2	2.297680E-1	2.811820E+0
2.550000E+0	6.035000E-3	2.714200E-2	2.297010E-1	2.808890E+0
2.600000E+0	6.193640E-3	2.712130E-2	2.297460E-1	2.805720E+0
2.650000E+0	6.192320E-3	2.717700E-2	2.296750E-1	2.802870E+0
2.700000E+0	6.478040E-3	2.715820E-2	2.296000E-1	2.799850E+0
2.750000E+0	6.370820E-3	2.723770E-2	2.295260E-1	2.796800E+0
2.800000E+0	6.418180E-3	2.730900E-2	2.294850E-1	2.793420E+0
2.850000E+0	6.232840E-3	2.735790E-2	2.294240E-1	2.790860E+0
2.900000E+0	6.730320E-3	2.747920E-2	2.294650E-1	2.788060E+0
2.950000E+0	6.437510E-3	2.754700E-2	2.293420E-1	2.785080E+0
3.000000E+0	6.406010E-3	2.759230E-2	2.293060E-1	2.782030E+0
