V	1.000k	10.000k	100.000k	1.000M
-3.000000E+0	-5.887750E-3	-6.447330E-2	-1.052500E-2	-4.816250E-2
-2.950000E+0	2.290950E-1	-8.132930E-2	-8.280250E-3	-4.101780E-2
-2.900000E+0	-4.902090E-2	-1.387390E-1	-1.341760E-2	-6.867240E-2
-2.850000E+0	2.256060E-2	-1.606730E-1	-9.506440E-3	-7.702610E-2
-2.800000E+0	-1.484510E-2	-1.753650E-1	-1.218310E-2	-7.203750E-2
-2.750000E+0	-1.038330E-1	-1.271440E-1	-2.591030E-3	-6.874890E-2
-2.700000E+0	1.356820E-2	-6.781090E-2	-1.111710E-2	-7.408990E-2
-2.650000E+0	-1.714920E-2	1.821660E-2	-1.412920E-2	-6.099590E-2
-2.600000E+0	3.675800E-2	6.757670E-2	-1.195920E-2	-6.897120E-2
-2.550000E+0	7.479540E-2	1.251930E-1	-9.740390E-3	-5.583200E-2
-2.500000E+0	-4.017820E-3	1.292400E-1	-4.015840E-3	-6.045240E-2
-2.450000E+0	-4.787320E-2	2.018960E-1	-8.532730E-3	-3.111260E-2
-2.400000E+0	7.974850E-2	2.741730E-2	-1.150130E-2	-2.244580E-2
-2.350000E+0	-5.840650E-2	3.321430E-2	-2.883220E-3	-1.827100E-2
-2.300000E+0	1.016550E-1	5.943920E-2	-8.159740E-5	3.252150E-3
-2.250000E+0	7.463440E-2	1.301580E-1	1.443910E-2	9.386990E-3
-2.200000E+0	1.235400E-1	1.074810E-1	3.276590E-2	4.224180E-2
-2.150000E+0	1.832820E-1	1.370180E-1	5.932870E-2	5.015080E-2
-2.100000E+0	1.656270E-1	1.460730E-1	9.605850E-2	7.499900E-2
-2.050000E+0	1.638080E-1	1.470030E-1	1.420940E-1	1.073340E-1
-2.000000E+0	8.675270E-2	1.275690E-1	1.989510E-1	1.287850E-1
-1.950000E+0	5.646260E-2	1.101890E-1	2.565890E-1	1.708020E-1
-1.900000E+0	6.338000E-2	9.909320E-2	3.024840E-1	2.231170E-1
-1.850000E+0	5.201930E-2	7.243040E-2	3.168710E-1	2.781790E-1
-1.800000E+0	6.426210E-2	6.559640E-2	3.109420E-1	3.561870E-1
-1.750000E+0	3.195810E-2	5.054740E-2	2.874900E-1	4.253500E-1
-1.700000E+0	5.377110E-2	3.541910E-2	2.549480E-1	4.880750E-1
-1.650000E+0	1.875310E-2	3.547580E-2	2.162570E-1	5.506600E-1
-1.600000E+0	2.328830E-2	3.009150E-2	1.859710E-1	6.004480E-1
-1.550000E+0	2.754210E-2	3.038790E-2	1.572560E-1	6.324230E-1
-1.500000E+0	5.979480E-3	2.749720E-2	1.344220E-1	6.411880E-1
-1.450000E+0	5.753320E-3	2.570400E-2	1.160220E-1	6.420520E-1
-1.400000E+0	8.065440E-3	2.257540E-2	1.006740E-1	6.242850E-1
-1.350000E+0	-4.419850E-3	1.830800E-2	8.780060E-2	5.982080E-1
-1.300000E+0	-2.742960E-3	1.564690E-2	7.778000E-2	5.633080E-1
-1.250000E+0	-6.289830E-4	1.232380E-2	6.824460E-2	5.305200E-1
-1.200000E+0	-3.966720E-3	6.809660E-3	6.233760E-2	4.938610E-1
-1.150000E+0	1.648520E-3	2.371140E-3	5.617680E-2	4.603950E-1
-1.100000E+0	-4.284940E-3	2.656140E-3	5.058640E-2	4.314840E-1
-1.050000E+0	4.487770E-3	2.645620E-3	4.714740E-2	4.035860E-1
-1.000000E+0	4.029070E-3	3.251010E-3	4.307910E-2	3.783690E-1
-9.500000E-1	6.810850E-3	6.891310E-3	4.004500E-2	3.549440E-1
-9.000000E-1	-6.112580E-3	7.184270E-3	3.750080E-2	3.368400E-1
-8.500000E-1	-1.169670E-2	1.010310E-2	3.539900E-2	3.190590E-1
-8.000000E-1	-5.222420E-4	1.342710E-2	3.264810E-2	3.012420E-1
-7.500000E-1	9.682770E-3	1.349390E-2	3.137260E-2	2.877640E-1
-7.000000E-1	-8.658530E-3	1.168180E-2	2.966140E-2	2.733210E-1
-6.500000E-1	2.311520E-3	1.192690E-2	2.787650E-2	2.594320E-1
-6.000000E-1	8.450450E-4	8.887850E-3	2.647560E-2	2.487670E-1
-5.500000E-1	-4.031890E-3	3.218070E-3	2.487230E-2	2.375610E-1
-5.000000E-1	1.363960E-2	6.900800E-3	2.306100E-2	2.259500E-1
-4.500000E-1	5.631800E-3	4.422990E-3	2.243110E-2	2.175600E-1
-4.000000E-1	2.549650E-4	5.719480E-3	2.227790E-2	2.095880E-1
-3.500000E-1	2.190600E-3	4.887730E-3	2.181130E-2	1.991240E-1
-3.000000E-1	-1.423060E-3	4.951740E-3	2.091850E-2	1.903950E-1
-2.500000E-1	1.216770E-2	5.786750E-3	2.042090E-2	1.840140E-1
-2.000000E-1	-6.579480E-4	4.271270E-3	1.900310E-2	1.766980E-1
-1.500000E-1	5.034810E-3	4.754960E-3	1.867140E-2	1.679060E-1
-1.000000E-1	1.667320E-2	6.227230E-3	1.732330E-2	1.617960E-1
-5.000000E-2	7.400250E-4	3.503900E-3	1.734310E-2	1.547240E-1
0.000000E+0	1.035520E-2	3.008140E-3	1.663330E-2	1.470810E-1
5.000000E-2	1.529650E-3	5.104650E-3	1.603310E-2	1.406530E-1
1.000000E-1	8.182760E-3	5.423900E-3	1.557280E-2	1.366440E-1
1.500000E-1	5.975100E-3	6.738540E-3	1.522420E-2	1.328750E-1
2.000000E-1	-1.920800E-3	3.975850E-3	1.495520E-2	1.298670E-1
2.500000E-1	1.127180E-2	5.698060E-3	1.323500E-2	1.259710E-1
3.000000E-1	6.128040E-3	1.942320E-3	1.430000E-2	1.241840E-1
3.500000E-1	2.012150E-4	3.968980E-3	1.393220E-2	1.231670E-1
4.000000E-1	4.311070E-3	3.894030E-3	1.305770E-2	1.208490E-1
4.500000E-1	6.199540E-3	2.991740E-3	1.250510E-2	1.185790E-1
5.000000E-1	5.218200E-3	3.632950E-3	1.273000E-2	1.194350E-1
5.500000E-1	7.724860E-3	4.131550E-3	1.275540E-2	1.178860E-1
6.000000E-1	1.302770E-3	5.844250E-3	1.234670E-2	1.168670E-1
6.500000E-1	3.482120E-3	5.737560E-3	1.169520E-2	1.131080E-1
7.000000E-1	-1.746460E-4	4.720240E-3	1.194540E-2	1.132500E-1
7.500000E-1	8.541060E-3	2.709320E-3	1.141680E-2	1.114450E-1
8.000000E-1	9.950630E-3	3.422950E-3	1.144000E-2	1.075000E-1
8.500000E-1	1.578840E-2	4.645320E-3	1.132580E-2	1.063010E-1
9.000000E-1	-1.093790E-2	3.045240E-3	1.130540E-2	1.020270E-1
9.500000E-1	-1.220240E-2	3.089660E-3	1.047690E-2	9.908540E-2
1.000000E+0	-5.655120E-3	5.130600E-3	1.035980E-2	9.432700E-2
1.050000E+0	-7.084800E-3	4.998600E-3	1.008370E-2	9.306370E-2
1.100000E+0	-3.397360E-4	4.785650E-3	1.048240E-2	8.843050E-2
1.150000E+0	8.307530E-3	5.464730E-3	1.047470E-2	8.559750E-2
1.200000E+0	5.810940E-3	3.799750E-3	9.444860E-3	8.215120E-2
1.250000E+0	9.568430E-3	5.899710E-3	9.676360E-3	8.012900E-2
1.300000E+0	-1.342400E-2	3.554830E-3	9.630590E-3	7.827210E-2
1.350000E+0	2.134920E-3	5.441850E-3	9.181700E-3	7.783680E-2
1.400000E+0	7.043130E-3	4.119650E-3	9.550080E-3	7.678510E-2
1.450000E+0	-3.298260E-3	4.375110E-3	8.954370E-3	7.655810E-2
1.500000E+0	-7.508890E-4	3.721070E-3	8.543420E-3	7.631660E-2
1.550000E+0	-1.029780E-2	3.407250E-3	8.953370E-3	7.775940E-2
1.600000E+0	-1.727750E-4	2.325390E-3	9.593770E-3	7.786930E-2
1.650000E+0	9.680890E-3	3.840700E-3	9.164460E-3	8.025820E-2
1.700000E+0	4.706350E-3	-1.492130E-2	8.861770E-3	7.977850E-2
1.750000E+0	-6.049300E-3	-1.459820E-2	9.093860E-3	7.836560E-2
1.800000E+0	1.520260E-2	-4.973840E-3	9.861260E-3	7.905400E-2
1.850000E+0	-8.310360E-3	4.057220E-3	8.334720E-3	7.869350E-2
1.900000E+0	1.038090E-2	1.154520E-2	8.480140E-3	7.843250E-2
1.950000E+0	-2.384270E-3	1.916090E-2	8.702060E-3	7.754170E-2
2.000000E+0	-8.185190E-4	1.775750E-2	8.564400E-3	7.603300E-2
2.050000E+0	-1.433060E-2	1.820490E-2	8.716140E-3	7.470300E-2
2.100000E+0	1.035050E-2	1.419630E-2	8.324160E-3	7.149080E-2
2.150000E+0	-5.182080E-5	9.529660E-3	7.866360E-3	6.778670E-2
2.200000E+0	-4.150100E-3	6.935560E-3	8.001800E-3	6.732310E-2
2.250000E+0	1.084610E-3	2.940570E-3	7.799340E-3	6.438340E-2
2.300000E+0	-6.216640E-3	-1.538100E-3	7.427190E-3	6.218570E-2
2.350000E+0	3.706870E-3	-4.756870E-3	7.796070E-3	5.929860E-2
2.400000E+0	7.040810E-4	-4.996080E-3	8.092050E-3	5.970050E-2
2.450000E+0	-4.086730E-3	-6.006930E-3	7.430570E-3	5.791350E-2
2.500000E+0	-5.180430E-3	-3.314250E-3	7.639420E-3	5.719260E-2
2.550000E+0	1.123280E-2	-5.728030E-4	7.385200E-3	5.744560E-2
2.600000E+0	-1.429430E-2	3.761850E-3	7.750490E-3	5.702540E-2
2.650000E+0	-3.533490E-3	7.446150E-3	7.477130E-3	5.807360E-2
2.700000E+0	4.881020E-3	1.300940E-2	7.433820E-3	5.891420E-2
2.750000E+0	3.277490E-3	1.523560E-2	7.203310E-3	6.072910E-2
2.800000E+0	1.817970E-3	1.778000E-2	8.171520E-3	6.136860E-2
2.850000E+0	-3.694360E-4	1.512080E-2	7.157110E-3	6.315330E-2
2.900000E+0	1.078870E-2	1.095530E-2	7.654710E-3	6.315690E-2
2.950000E+0	-6.222650E-3	7.120510E-3	6.903990E-3	6.496180E-2
3.000000E+0	-5.922000E-3	3.561530E-3	7.963650E-3	6.487770E-2
