V	1.000k	10.000k	100.000k	1.000M
-3.000000E+0	-1.696330E-1	-1.326220E-1	3.167480E-3	2.213950E-2
-2.950000E+0	-6.416730E-2	-1.521080E-1	7.263420E-3	2.267140E-2
-2.900000E+0	-9.259910E-2	-1.289430E-1	7.492770E-3	2.573000E-2
-2.850000E+0	1.314640E-2	-1.091050E-1	6.081470E-3	2.177940E-2
-2.800000E+0	-2.081350E-1	-5.558960E-2	4.238110E-3	2.387540E-2
-2.750000E+0	-2.877650E-2	1.381110E-2	6.928220E-3	2.635430E-2
-2.700000E+0	-3.277330E-2	7.743230E-2	6.616880E-3	2.560070E-2
-2.650000E+0	-7.416040E-2	1.452920E-1	5.399240E-3	2.440620E-2
-2.600000E+0	-1.242380E-1	2.039460E-1	2.998750E-3	2.542540E-2
-2.550000E+0	4.425110E-2	2.208740E-1	5.485310E-3	2.636680E-2
-2.500000E+0	-4.674630E-2	2.252980E-1	2.588790E-3	2.777110E-2
-2.450000E+0	5.661210E-2	1.652270E-1	7.234160E-3	2.722990E-2
-2.400000E+0	-9.161180E-3	6.801240E-2	5.096090E-3	2.561820E-2
-2.350000E+0	-2.665390E-1	-3.151110E-2	3.914640E-3	2.948420E-2
-2.300000E+0	-2.976430E-2	-1.650390E-1	2.666170E-3	2.577200E-2
-2.250000E+0	6.629760E-2	-2.244150E-1	6.593380E-3	2.915530E-2
-2.200000E+0	1.488540E-2	-2.271540E-1	4.489120E-3	2.732160E-2
-2.150000E+0	-9.904530E-2	-1.887400E-1	6.846180E-3	2.656100E-2
-2.100000E+0	2.261120E-2	-1.279080E-1	5.445070E-3	2.583750E-2
-2.050000E+0	-1.397960E-1	-8.851440E-2	6.588910E-3	2.818110E-2
-2.000000E+0	-4.438210E-2	1.966210E-2	7.628780E-3	2.900090E-2
-1.950000E+0	4.552940E-2	1.299810E-2	7.219300E-3	2.851250E-2
-1.900000E+0	-1.191680E-1	1.690460E-2	5.023000E-3	2.717610E-2
-1.850000E+0	-9.611980E-2	-3.829130E-3	5.356590E-3	3.048560E-2
-1.800000E+0	1.957730E-1	-2.689990E-3	7.202750E-3	2.840920E-2
-1.750000E+0	-1.043240E-1	8.250240E-3	3.622800E-3	2.979420E-2
-1.700000E+0	-2.214030E-1	-5.432790E-3	6.063460E-3	2.890550E-2
-1.650000E+0	-1.498750E-1	7.890650E-3	5.392640E-3	2.831190E-2
-1.600000E+0	-1.204150E-1	-6.684810E-3	5.064460E-3	3.101190E-2
-1.550000E+0	-3.254800E-3	1.549340E-2	9.825750E-3	2.908460E-2
-1.500000E+0	-7.305480E-2	2.765400E-3	2.823210E-3	3.041020E-2
-1.450000E+0	8.892680E-2	3.744080E-3	5.772480E-3	2.939440E-2
-1.400000E+0	-7.424320E-2	1.578330E-2	5.139460E-3	2.927570E-2
-1.350000E+0	-4.354270E-2	5.526040E-3	6.328830E-3	3.114740E-2
-1.300000E+0	-1.711210E-1	8.777020E-4	5.322830E-3	3.152750E-2
-1.250000E+0	-1.680550E-1	8.978210E-3	4.343510E-3	2.993970E-2
-1.200000E+0	-8.153070E-2	-2.688720E-4	4.231340E-3	3.075100E-2
-1.150000E+0	-1.289490E-2	1.023030E-2	5.036450E-3	2.966400E-2
-1.100000E+0	-2.926120E-1	8.605820E-3	6.981490E-3	3.070410E-2
-1.050000E+0	2.306170E-1	-7.081850E-3	3.665890E-3	2.995750E-2
-1.000000E+0	-5.010340E-2	1.260420E-2	4.567050E-3	3.223910E-2
-9.500000E-1	-8.517250E-2	-8.375410E-4	5.108480E-3	2.997390E-2
-9.000000E-1	-4.161160E-2	6.027150E-3	5.848410E-3	3.037550E-2
-8.500000E-1	-1.743960E-2	-6.660030E-3	5.074500E-3	3.339520E-2
-8.000000E-1	-8.083710E-2	-2.815580E-3	2.879510E-3	3.154200E-2
-7.500000E-1	-4.995260E-2	-3.928050E-3	5.615020E-3	3.311090E-2
-7.000000E-1	4.629390E-2	-6.179370E-3	4.324190E-3	3.246600E-2
-6.500000E-1	-1.836380E-1	-4.467900E-3	5.056700E-3	3.449130E-2
-6.000000E-1	-6.548000E-3	-1.298030E-2	6.114240E-3	3.398970E-2
-5.500000E-1	8.944050E-3	-1.289890E-2	4.167800E-3	3.525520E-2
-5.000000E-1	7.105350E-2	-1.156850E-2	3.633760E-3	3.462560E-2
-4.500000E-1	-1.465210E-1	-1.137900E-2	5.007330E-3	3.590820E-2
-4.000000E-1	2.359930E-1	-3.654010E-3	4.060070E-3	3.592150E-2
-3.500000E-1	-7.965630E-2	-1.373580E-3	5.175930E-4	3.529740E-2
-3.000000E-1	-4.213620E-2	-1.084470E-2	3.067500E-4	3.669240E-2
-2.500000E-1	-5.345450E-2	-1.206720E-2	-4.191460E-3	3.849870E-2
-2.000000E-1	1.389850E-2	1.329680E-2	-1.420000E-3	3.842500E-2
-1.500000E-1	7.851670E-2	-1.263050E-2	5.102850E-4	3.845040E-2
-1.000000E-1	3.774050E-2	2.334090E-2	1.065340E-3	3.995040E-2
-5.000000E-2	-3.800500E-2	5.344240E-2	8.204740E-3	4.663440E-2
0.000000E+0	5.341410E-2	9.940200E-2	3.834350E-2	6.414140E-2
5.000000E-2	4.827190E-2	1.410200E-1	1.398210E-1	1.070580E-1
1.000000E-1	2.912440E-2	1.143070E-1	3.315850E-1	1.965500E-1
1.500000E-1	-1.265550E-2	7.680380E-2	4.565250E-1	3.192280E-1
2.000000E-1	4.976240E-3	5.148730E-2	4.105070E-1	4.410430E-1
2.500000E-1	-4.813830E-3	3.529700E-2	3.174500E-1	5.592350E-1
3.000000E-1	-2.288640E-2	2.757430E-2	2.420800E-1	6.665620E-1
3.500000E-1	2.015420E-3	2.045360E-2	1.896140E-1	7.458160E-1
4.000000E-1	-7.412880E-3	1.895970E-2	1.538420E-1	7.825130E-1
4.500000E-1	-2.276080E-2	1.713560E-2	1.280970E-1	7.808890E-1
5.000000E-1	8.006550E-3	1.379600E-2	1.092520E-1	7.560340E-1
5.500000E-1	1.310740E-2	1.111350E-2	9.483470E-2	7.176100E-1
6.000000E-1	-3.124000E-3	1.060000E-2	8.388170E-2	6.734330E-1
6.500000E-1	-1.668170E-2	9.960480E-3	7.494740E-2	6.299790E-1
7.000000E-1	7.917600E-3	9.806040E-3	6.774610E-2	5.886010E-1
7.500000E-1	-1.000700E-2	8.494830E-3	6.154430E-2	5.489500E-1
8.000000E-1	1.368440E-2	7.996770E-3	5.655890E-2	5.136950E-1
8.500000E-1	-3.776390E-3	7.929690E-3	5.224650E-2	4.813850E-1
9.000000E-1	-2.842910E-3	8.314040E-3	4.857910E-2	4.530060E-1
9.500000E-1	-8.813430E-3	7.107040E-3	4.579830E-2	4.265660E-1
1.000000E+0	7.307970E-3	6.225060E-3	4.281410E-2	4.031440E-1
1.050000E+0	-9.711790E-3	8.030970E-3	4.025930E-2	3.822300E-1
1.100000E+0	-3.025460E-3	6.589640E-3	3.827130E-2	3.626420E-1
1.150000E+0	-1.449480E-2	3.577700E-3	3.627460E-2	3.454470E-1
1.200000E+0	-1.140280E-3	5.558850E-3	3.447990E-2	3.293870E-1
1.250000E+0	2.054490E-3	4.368960E-3	3.299150E-2	3.146370E-1
1.300000E+0	1.669650E-4	7.006810E-3	3.144200E-2	3.010340E-1
1.350000E+0	2.252100E-3	5.651930E-3	3.015580E-2	2.888980E-1
1.400000E+0	-3.055360E-3	9.263560E-3	2.898070E-2	2.774690E-1
1.450000E+0	8.117030E-3	-4.522430E-5	2.806060E-2	2.670100E-1
1.500000E+0	-1.669330E-2	-6.972300E-3	2.705780E-2	2.572640E-1
1.550000E+0	2.824330E-2	-1.296110E-2	2.627730E-2	2.483840E-1
1.600000E+0	-2.045300E-3	-1.468750E-2	2.523630E-2	2.399580E-1
1.650000E+0	4.789090E-3	-1.278710E-2	2.436590E-2	2.320470E-1
1.700000E+0	-1.682450E-2	-4.223420E-3	2.395890E-2	2.249270E-1
1.750000E+0	1.290610E-2	2.527430E-4	2.320000E-2	2.180630E-1
1.800000E+0	3.017230E-3	7.032880E-3	2.258890E-2	2.117970E-1
1.850000E+0	5.415260E-3	9.690570E-3	2.211620E-2	2.058790E-1
1.900000E+0	1.685820E-2	1.438990E-2	2.171660E-2	2.003520E-1
1.950000E+0	-9.402420E-3	1.954900E-2	2.087970E-2	1.951360E-1
2.000000E+0	-1.908570E-2	1.654970E-2	2.049530E-2	1.900900E-1
2.050000E+0	-1.233310E-2	1.434280E-2	2.015500E-2	1.853510E-1
2.100000E+0	-5.474220E-3	1.070560E-2	1.996000E-2	1.807580E-1
2.150000E+0	-1.388980E-3	7.084300E-3	1.944070E-2	1.765420E-1
2.200000E+0	6.822440E-5	1.670100E-3	1.899700E-2	1.727510E-1
2.250000E+0	-1.024870E-2	-2.536220E-3	1.902690E-2	1.688950E-1
2.300000E+0	-9.983240E-3	-5.500810E-3	1.845720E-2	1.651680E-1
2.350000E+0	1.592370E-2	-7.431320E-3	1.817810E-2	1.618000E-1
2.400000E+0	-1.217780E-3	-6.031080E-3	1.771500E-2	1.587640E-1
2.450000E+0	-1.305820E-2	-3.176540E-3	1.755410E-2	1.555740E-1
2.500000E+0	1.521540E-2	-3.016940E-4	1.755760E-2	1.527350E-1
2.550000E+0	4.630750E-3	4.742930E-3	1.727950E-2	1.496090E-1
2.600000E+0	-1.326700E-2	1.065130E-2	1.712630E-2	1.470490E-1
2.650000E+0	-2.498370E-3	1.288430E-2	1.678270E-2	1.441330E-1
2.700000E+0	-2.625990E-3	1.569360E-2	1.671690E-2	1.417740E-1
2.750000E+0	1.839660E-2	1.649020E-2	1.626980E-2	1.395480E-1
2.800000E+0	2.844040E-3	1.537280E-2	1.589980E-2	1.372490E-1
2.850000E+0	1.799830E-2	1.180010E-2	1.587410E-2	1.350530E-1
2.900000E+0	4.320270E-3	7.613280E-3	1.554530E-2	1.328090E-1
2.950000E+0	-3.983090E-2	2.937220E-3	1.557170E-2	1.307930E-1
3.000000E+0	-2.161170E-3	-1.887650E-3	1.578070E-2	1.290930E-1
