V	1.000k	10.000k	100.000k	1.000M
-3.000000E+0	3.305680E-13	3.873080E-13	3.968540E-13	4.023110E-13
-2.950000E+0	4.057060E-13	3.903150E-13	3.986050E-13	4.024870E-13
-2.900000E+0	4.108700E-13	3.917040E-13	3.977530E-13	4.037770E-13
-2.850000E+0	4.570250E-13	3.925260E-13	4.000530E-13	4.039260E-13
-2.800000E+0	4.340700E-13	3.935040E-13	3.996810E-13	4.053650E-13
-2.750000E+0	4.146320E-13	3.893770E-13	4.004690E-13	4.062190E-13
-2.700000E+0	3.166640E-13	3.872880E-13	4.001510E-13	4.057030E-13
-2.650000E+0	4.211810E-13	3.937410E-13	4.005730E-13	4.069810E-13
-2.600000E+0	3.492900E-13	3.911590E-13	4.017880E-13	4.078630E-13
-2.550000E+0	4.202480E-13	3.919020E-13	4.022620E-13	4.073890E-13
-2.500000E+0	3.774490E-13	3.928420E-13	4.026200E-13	4.085780E-13
-2.450000E+0	4.145290E-13	3.908980E-13	4.026630E-13	4.086230E-13
-2.400000E+0	4.647550E-13	3.924610E-13	4.033530E-13	4.094130E-13
-2.350000E+0	3.849260E-13	3.917720E-13	4.046790E-13	4.093940E-13
-2.300000E+0	4.294770E-13	3.929410E-13	4.044810E-13	4.112230E-13
-2.250000E+0	3.818100E-13	3.926220E-13	4.033530E-13	4.105870E-13
-2.200000E+0	4.373800E-13	3.864540E-13	4.046610E-13	4.122370E-13
-2.150000E+0	4.004390E-13	3.925060E-13	4.054000E-13	4.116390E-13
-2.100000E+0	4.037170E-13	3.897640E-13	4.065340E-13	4.128300E-13
-2.050000E+0	4.283170E-13	3.939740E-13	4.062200E-13	4.141710E-13
-2.000000E+0	3.804970E-13	3.969160E-13	4.057040E-13	4.140360E-13
-1.950000E+0	3.636350E-13	3.923720E-13	4.065130E-13	4.156050E-13
-1.900000E+0	3.963050E-13	3.943690E-13	4.067460E-13	4.167180E-13
-1.850000E+0	4.071020E-13	3.920690E-13	4.078670E-13	4.170140E-13
-1.800000E+0	3.964640E-13	3.879290E-13	4.069740E-13	4.176800E-13
-1.750000E+0	4.312790E-13	3.891990E-13	4.064850E-13	4.186260E-13
-1.700000E+0	4.434190E-13	3.932310E-13	4.072800E-13	4.198920E-13
-1.650000E+0	4.335190E-13	3.955060E-13	4.075240E-13	4.201600E-13
-1.600000E+0	4.238200E-13	3.920450E-13	4.085810E-13	4.203790E-13
-1.550000E+0	3.962630E-13	3.932760E-13	4.089600E-13	4.211370E-13
-1.500000E+0	4.137770E-13	3.906960E-13	4.076240E-13	4.223260E-13
-1.450000E+0	4.078390E-13	3.931400E-13	4.079980E-13	4.224100E-13
-1.400000E+0	3.740330E-13	3.918830E-13	4.091450E-13	4.236670E-13
-1.350000E+0	4.085570E-13	3.923660E-13	4.084570E-13	4.249700E-13
-1.300000E+0	4.251040E-13	3.928090E-13	4.103360E-13	4.260520E-13
-1.250000E+0	3.791980E-13	3.930390E-13	4.092280E-13	4.271570E-13
-1.200000E+0	4.504420E-13	3.885610E-13	4.090880E-13	4.269540E-13
-1.150000E+0	4.119110E-13	3.961380E-13	4.096960E-13	4.280820E-13
-1.100000E+0	3.794110E-13	3.973360E-13	4.096500E-13	4.291650E-13
-1.050000E+0	3.918190E-13	3.976080E-13	4.088110E-13	4.298100E-13
-1.000000E+0	4.018290E-13	3.943180E-13	4.092870E-13	4.318010E-13
-9.500000E-1	3.804040E-13	3.901390E-13	4.097490E-13	4.320030E-13
-9.000000E-1	4.381540E-13	3.911370E-13	4.099220E-13	4.328680E-13
-8.500000E-1	3.197690E-13	3.921570E-13	4.112100E-13	4.343880E-13
-8.000000E-1	4.668030E-13	3.945680E-13	4.109370E-13	4.366900E-13
-7.500000E-1	4.110530E-13	3.983120E-13	4.130200E-13	4.392550E-13
-7.000000E-1	4.525010E-13	3.976700E-13	4.136260E-13	4.424980E-13
-6.500000E-1	3.679650E-13	3.983780E-13	4.164360E-13	4.445090E-13
-6.000000E-1	4.028260E-13	3.973110E-13	4.190130E-13	4.478290E-13
-5.500000E-1	3.928380E-13	4.030310E-13	4.197800E-13	4.508930E-13
-5.000000E-1	4.479540E-13	4.077300E-13	4.219670E-13	4.540940E-13
-4.500000E-1	4.626360E-13	4.120310E-13	4.239830E-13	4.582530E-13
-4.000000E-1	4.280430E-13	4.099090E-13	4.262110E-13	4.602240E-13
-3.500000E-1	4.512310E-13	4.074850E-13	4.277080E-13	4.642420E-13
-3.000000E-1	4.041520E-13	4.179960E-13	4.312620E-13	4.685370E-13
-2.500000E-1	4.511250E-13	4.157170E-13	4.333980E-13	4.724160E-13
-2.000000E-1	4.335310E-13	4.247720E-13	4.372870E-13	4.772970E-13
-1.500000E-1	4.477520E-13	4.306960E-13	4.414950E-13	4.824680E-13
-1.000000E-1	4.910800E-13	4.363080E-13	4.473840E-13	4.884140E-13
-5.000000E-2	5.670380E-13	4.540510E-13	4.545540E-13	4.959490E-13
0.000000E+0	6.633830E-13	4.919060E-13	4.661680E-13	5.052240E-13
5.000000E-2	8.677720E-13	5.790170E-13	4.919830E-13	5.210650E-13
1.000000E-1	1.295390E-12	8.076810E-13	5.531490E-13	5.483720E-13
1.500000E-1	1.940910E-12	1.252490E-12	6.941040E-13	5.953770E-13
2.000000E-1	2.487290E-12	1.861880E-12	9.935150E-13	6.644110E-13
2.500000E-1	2.938050E-12	2.434190E-12	1.493600E-12	7.487600E-13
3.000000E-1	3.205730E-12	2.862480E-12	2.079150E-12	8.408070E-13
3.500000E-1	3.440230E-12	3.164310E-12	2.583670E-12	9.334030E-13
4.000000E-1	3.593270E-12	3.364610E-12	2.948750E-12	1.034340E-12
4.500000E-1	3.689090E-12	3.507380E-12	3.208790E-12	1.149680E-12
5.000000E-1	3.754830E-12	3.615030E-12	3.391630E-12	1.281890E-12
5.500000E-1	3.775840E-12	3.693710E-12	3.524510E-12	1.426990E-12
6.000000E-1	3.885420E-12	3.754500E-12	3.625310E-12	1.586140E-12
6.500000E-1	3.823040E-12	3.804740E-12	3.701970E-12	1.751820E-12
7.000000E-1	3.928410E-12	3.845370E-12	3.762920E-12	1.914610E-12
7.500000E-1	3.912040E-12	3.883310E-12	3.812660E-12	2.082240E-12
8.000000E-1	3.972020E-12	3.912660E-12	3.853130E-12	2.243920E-12
8.500000E-1	3.967200E-12	3.932260E-12	3.885760E-12	2.405190E-12
9.000000E-1	4.042850E-12	3.954290E-12	3.914120E-12	2.553420E-12
9.500000E-1	4.017090E-12	3.977000E-12	3.937660E-12	2.695140E-12
1.000000E+0	4.078600E-12	3.993090E-12	3.959590E-12	2.828550E-12
1.050000E+0	4.044360E-12	4.005310E-12	3.977880E-12	2.949880E-12
1.100000E+0	4.083840E-12	3.988240E-12	3.992390E-12	3.060950E-12
1.150000E+0	4.075310E-12	4.019840E-12	4.006860E-12	3.166630E-12
1.200000E+0	4.071410E-12	4.047710E-12	4.019640E-12	3.260490E-12
1.250000E+0	4.116590E-12	4.078320E-12	4.032060E-12	3.344610E-12
1.300000E+0	4.097370E-12	4.090480E-12	4.042560E-12	3.420670E-12
1.350000E+0	4.122320E-12	4.105150E-12	4.050660E-12	3.491880E-12
1.400000E+0	4.110750E-12	4.105950E-12	4.059660E-12	3.557340E-12
1.450000E+0	4.081800E-12	4.104760E-12	4.066420E-12	3.616270E-12
1.500000E+0	4.085570E-12	4.105160E-12	4.074010E-12	3.666390E-12
1.550000E+0	4.132940E-12	4.103840E-12	4.081220E-12	3.713790E-12
1.600000E+0	4.150790E-12	4.089510E-12	4.087420E-12	3.754980E-12
1.650000E+0	4.130810E-12	4.091590E-12	4.091470E-12	3.792710E-12
1.700000E+0	4.151110E-12	4.080180E-12	4.096680E-12	3.828720E-12
1.750000E+0	4.155160E-12	4.088440E-12	4.101290E-12	3.861430E-12
1.800000E+0	4.114880E-12	4.093600E-12	4.105550E-12	3.891570E-12
1.850000E+0	4.179100E-12	4.102860E-12	4.109850E-12	3.918780E-12
1.900000E+0	4.187120E-12	4.120140E-12	4.114470E-12	3.941390E-12
1.950000E+0	4.207670E-12	4.130470E-12	4.116710E-12	3.966180E-12
2.000000E+0	4.166680E-12	4.144820E-12	4.120750E-12	3.985850E-12
2.050000E+0	4.155070E-12	4.152450E-12	4.123200E-12	4.005000E-12
2.100000E+0	4.167460E-12	4.166960E-12	4.126030E-12	4.021930E-12
2.150000E+0	4.220530E-12	4.170160E-12	4.128460E-12	4.037470E-12
2.200000E+0	4.170770E-12	4.170350E-12	4.129740E-12	4.051670E-12
2.250000E+0	4.237730E-12	4.162390E-12	4.133410E-12	4.066130E-12
2.300000E+0	4.216020E-12	4.147200E-12	4.134740E-12	4.078960E-12
2.350000E+0	4.201320E-12	4.137800E-12	4.137200E-12	4.091510E-12
2.400000E+0	4.206780E-12	4.134460E-12	4.138540E-12	4.101770E-12
2.450000E+0	4.205600E-12	4.128000E-12	4.139090E-12	4.112020E-12
2.500000E+0	4.234350E-12	4.125980E-12	4.142210E-12	4.121190E-12
2.550000E+0	4.180510E-12	4.126520E-12	4.143010E-12	4.128820E-12
2.600000E+0	4.202580E-12	4.139780E-12	4.146050E-12	4.137220E-12
2.650000E+0	4.192000E-12	4.144830E-12	4.145440E-12	4.144840E-12
2.700000E+0	4.220560E-12	4.159890E-12	4.147390E-12	4.151990E-12
2.750000E+0	4.204990E-12	4.168040E-12	4.148130E-12	4.157410E-12
2.800000E+0	4.206770E-12	4.179720E-12	4.149860E-12	4.164380E-12
2.850000E+0	4.198230E-12	4.185840E-12	4.151290E-12	4.169510E-12
2.900000E+0	4.227110E-12	4.190360E-12	4.150880E-12	4.174740E-12
2.950000E+0	4.235140E-12	4.183630E-12	4.152340E-12	4.179650E-12
3.000000E+0	4.204350E-12	4.175890E-12	4.152800E-12	4.184080E-12
