V	1.000k	10.000k	100.000k	1.000M
-3.000000E+0	1.078670E-9	1.064460E-9	9.850870E-10	1.066380E-10
-2.950000E+0	1.076720E-9	1.063100E-9	9.842360E-10	1.067800E-10
-2.900000E+0	1.075530E-9	1.061870E-9	9.837710E-10	1.068790E-10
-2.850000E+0	1.074020E-9	1.060680E-9	9.829550E-10	1.069350E-10
-2.800000E+0	1.072640E-9	1.059570E-9	9.822190E-10	1.070390E-10
-2.750000E+0	1.071320E-9	1.058400E-9	9.814670E-10	1.070860E-10
-2.700000E+0	1.070120E-9	1.057250E-9	9.806800E-10	1.072380E-10
-2.650000E+0	1.068750E-9	1.056100E-9	9.797750E-10	1.073590E-10
-2.600000E+0	1.067400E-9	1.055000E-9	9.789790E-10	1.076060E-10
-2.550000E+0	1.066350E-9	1.054000E-9	9.783220E-10	1.077280E-10
-2.500000E+0	1.064980E-9	1.052940E-9	9.776610E-10	1.078450E-10
-2.450000E+0	1.064090E-9	1.052040E-9	9.769710E-10	1.079520E-10
-2.400000E+0	1.062750E-9	1.051060E-9	9.762480E-10	1.080790E-10
-2.350000E+0	1.061690E-9	1.050120E-9	9.756030E-10	1.082100E-10
-2.300000E+0	1.060390E-9	1.049100E-9	9.748800E-10	1.083240E-10
-2.250000E+0	1.059220E-9	1.048190E-9	9.742240E-10	1.084290E-10
-2.200000E+0	1.058090E-9	1.047160E-9	9.735890E-10	1.085560E-10
-2.150000E+0	1.057090E-9	1.046200E-9	9.729380E-10	1.086720E-10
-2.100000E+0	1.055850E-9	1.045280E-9	9.722620E-10	1.087350E-10
-2.050000E+0	1.054770E-9	1.044230E-9	9.715940E-10	1.088640E-10
-2.000000E+0	1.053510E-9	1.043280E-9	9.709960E-10	1.089540E-10
-1.950000E+0	1.052540E-9	1.042230E-9	9.702930E-10	1.090460E-10
-1.900000E+0	1.051540E-9	1.041380E-9	9.696840E-10	1.091510E-10
-1.850000E+0	1.050400E-9	1.040420E-9	9.689760E-10	1.092540E-10
-1.800000E+0	1.049310E-9	1.039430E-9	9.683690E-10	1.093500E-10
-1.750000E+0	1.048400E-9	1.038590E-9	9.676610E-10	1.094320E-10
-1.700000E+0	1.047400E-9	1.037680E-9	9.670900E-10	1.095300E-10
-1.650000E+0	1.046050E-9	1.036800E-9	9.664130E-10	1.096700E-10
-1.600000E+0	1.045220E-9	1.035950E-9	9.657550E-10	1.098750E-10
-1.550000E+0	1.044220E-9	1.035070E-9	9.651430E-10	1.099590E-10
-1.500000E+0	1.043250E-9	1.034140E-9	9.644900E-10	1.100610E-10
-1.450000E+0	1.042390E-9	1.033290E-9	9.638790E-10	1.101770E-10
-1.400000E+0	1.041390E-9	1.032470E-9	9.632380E-10	1.102930E-10
-1.350000E+0	1.040100E-9	1.031510E-9	9.625860E-10	1.104530E-10
-1.300000E+0	1.039250E-9	1.030650E-9	9.619530E-10	1.105540E-10
-1.250000E+0	1.038320E-9	1.029740E-9	9.612090E-10	1.106610E-10
-1.200000E+0	1.037270E-9	1.028880E-9	9.606180E-10	1.107620E-10
-1.150000E+0	1.036370E-9	1.027940E-9	9.600080E-10	1.108490E-10
-1.100000E+0	1.035240E-9	1.027090E-9	9.594200E-10	1.109420E-10
-1.050000E+0	1.034370E-9	1.026210E-9	9.587650E-10	1.110350E-10
-1.000000E+0	1.033580E-9	1.025420E-9	9.581490E-10	1.111330E-10
-9.500000E-1	1.032550E-9	1.024610E-9	9.575840E-10	1.112610E-10
-9.000000E-1	1.031620E-9	1.023740E-9	9.569460E-10	1.113470E-10
-8.500000E-1	1.030700E-9	1.022950E-9	9.563380E-10	1.114540E-10
-8.000000E-1	1.029820E-9	1.022130E-9	9.557500E-10	1.115600E-10
-7.500000E-1	1.028870E-9	1.021280E-9	9.551330E-10	1.116440E-10
-7.000000E-1	1.027810E-9	1.020510E-9	9.545060E-10	1.117580E-10
-6.500000E-1	1.027090E-9	1.019660E-9	9.538810E-10	1.118600E-10
-6.000000E-1	1.025940E-9	1.018760E-9	9.532910E-10	1.119520E-10
-5.500000E-1	1.025190E-9	1.017920E-9	9.527170E-10	1.120450E-10
-5.000000E-1	1.024220E-9	1.017060E-9	9.520270E-10	1.120810E-10
-4.500000E-1	1.023300E-9	1.016210E-9	9.514450E-10	1.121070E-10
-4.000000E-1	1.022410E-9	1.015460E-9	9.508110E-10	1.122210E-10
-3.500000E-1	1.021490E-9	1.014580E-9	9.501910E-10	1.123080E-10
-3.000000E-1	1.020620E-9	1.013740E-9	9.496210E-10	1.124010E-10
-2.500000E-1	1.019810E-9	1.012930E-9	9.490030E-10	1.124820E-10
-2.000000E-1	1.018820E-9	1.012150E-9	9.483860E-10	1.126220E-10
-1.500000E-1	1.018110E-9	1.011420E-9	9.477840E-10	1.127580E-10
-1.000000E-1	1.017260E-9	1.010670E-9	9.471290E-10	1.128340E-10
-5.000000E-2	1.016650E-9	1.009900E-9	9.465190E-10	1.129310E-10
0.000000E+0	1.015540E-9	1.009120E-9	9.459170E-10	1.130300E-10
5.000000E-2	1.014840E-9	1.008350E-9	9.452590E-10	1.131230E-10
1.000000E-1	1.014060E-9	1.007580E-9	9.447230E-10	1.132200E-10
1.500000E-1	1.013080E-9	1.006760E-9	9.441040E-10	1.133130E-10
2.000000E-1	1.012290E-9	1.005940E-9	9.435160E-10	1.133780E-10
2.500000E-1	1.011500E-9	1.005100E-9	9.428940E-10	1.134770E-10
3.000000E-1	1.010510E-9	1.004350E-9	9.422900E-10	1.135460E-10
3.500000E-1	1.009830E-9	1.003600E-9	9.416750E-10	1.136630E-10
4.000000E-1	1.009040E-9	1.002800E-9	9.410660E-10	1.137560E-10
4.500000E-1	1.008660E-9	1.002040E-9	9.404120E-10	1.138410E-10
5.000000E-1	1.007480E-9	1.001320E-9	9.398280E-10	1.139410E-10
5.500000E-1	1.006630E-9	1.000560E-9	9.392400E-10	1.140200E-10
6.000000E-1	1.005810E-9	9.999280E-10	9.386550E-10	1.140770E-10
6.500000E-1	1.005300E-9	9.992240E-10	9.380630E-10	1.141090E-10
7.000000E-1	1.004670E-9	9.985330E-10	9.374910E-10	1.142070E-10
7.500000E-1	1.003970E-9	9.978320E-10	9.369280E-10	1.142900E-10
8.000000E-1	1.003260E-9	9.971360E-10	9.363210E-10	1.143550E-10
8.500000E-1	1.002620E-9	9.964190E-10	9.357770E-10	1.144290E-10
9.000000E-1	1.001450E-9	9.956840E-10	9.351570E-10	1.145440E-10
9.500000E-1	1.001080E-9	9.949950E-10	9.345730E-10	1.146300E-10
1.000000E+0	1.000340E-9	9.942660E-10	9.340400E-10	1.147300E-10
1.050000E+0	9.995340E-10	9.935170E-10	9.334380E-10	1.148180E-10
1.100000E+0	9.988840E-10	9.927430E-10	9.327750E-10	1.149000E-10
1.150000E+0	9.982090E-10	9.920910E-10	9.320340E-10	1.149790E-10
1.200000E+0	9.975500E-10	9.914840E-10	9.314470E-10	1.150460E-10
1.250000E+0	9.971780E-10	9.908400E-10	9.309040E-10	1.151510E-10
1.300000E+0	9.962640E-10	9.901750E-10	9.303470E-10	1.152250E-10
1.350000E+0	9.958670E-10	9.895670E-10	9.295220E-10	1.153130E-10
1.400000E+0	9.951290E-10	9.889220E-10	9.289070E-10	1.153970E-10
1.450000E+0	9.943710E-10	9.883020E-10	9.271880E-10	1.154980E-10
1.500000E+0	9.938490E-10	9.876290E-10	9.266890E-10	1.155630E-10
1.550000E+0	9.930700E-10	9.870590E-10	9.262020E-10	1.156530E-10
1.600000E+0	9.926170E-10	9.864460E-10	9.256600E-10	1.157480E-10
1.650000E+0	9.918810E-10	9.858190E-10	9.251410E-10	1.158150E-10
1.700000E+0	9.913330E-10	9.851620E-10	9.245330E-10	1.158540E-10
1.750000E+0	9.909050E-10	9.846140E-10	9.240980E-10	1.159550E-10
1.800000E+0	9.904010E-10	9.839650E-10	9.235780E-10	1.160390E-10
1.850000E+0	9.898860E-10	9.833680E-10	9.230370E-10	1.161170E-10
1.900000E+0	9.890430E-10	9.828370E-10	9.225700E-10	1.162030E-10
1.950000E+0	9.885230E-10	9.822270E-10	9.220430E-10	1.162590E-10
2.000000E+0	9.880910E-10	9.816750E-10	9.215740E-10	1.163450E-10
2.050000E+0	9.874120E-10	9.811110E-10	9.210650E-10	1.164130E-10
2.100000E+0	9.869460E-10	9.805050E-10	9.206030E-10	1.165010E-10
2.150000E+0	9.862230E-10	9.800110E-10	9.201090E-10	1.165780E-10
2.200000E+0	9.857840E-10	9.794230E-10	9.196260E-10	1.166390E-10
2.250000E+0	9.852150E-10	9.788910E-10	9.191380E-10	1.167250E-10
2.300000E+0	9.846550E-10	9.782910E-10	9.186780E-10	1.168120E-10
2.350000E+0	9.844060E-10	9.777810E-10	9.182080E-10	1.168970E-10
2.400000E+0	9.837150E-10	9.772090E-10	9.176890E-10	1.170110E-10
2.450000E+0	9.830020E-10	9.767410E-10	9.172090E-10	1.170860E-10
2.500000E+0	9.827600E-10	9.761830E-10	9.167460E-10	1.171710E-10
2.550000E+0	9.823440E-10	9.756430E-10	9.162630E-10	1.172600E-10
2.600000E+0	9.817730E-10	9.751500E-10	9.157800E-10	1.173440E-10
2.650000E+0	9.812180E-10	9.745850E-10	9.153320E-10	1.174140E-10
2.700000E+0	9.805960E-10	9.740560E-10	9.149720E-10	1.175180E-10
2.750000E+0	9.801740E-10	9.735680E-10	9.144850E-10	1.176010E-10
2.800000E+0	9.796550E-10	9.729540E-10	9.140550E-10	1.176770E-10
2.850000E+0	9.791700E-10	9.725180E-10	9.136320E-10	1.177270E-10
2.900000E+0	9.786480E-10	9.720220E-10	9.131900E-10	1.177950E-10
2.950000E+0	9.781710E-10	9.714950E-10	9.127450E-10	1.178790E-10
3.000000E+0	9.777680E-10	9.709630E-10	9.122770E-10	1.179360E-10
