V	1.000k	10.000k	100.000k	1.000M
-3.000000E+0	2.639580E-10	2.560410E-10	8.650060E-11	2.249810E-12
-2.950000E+0	2.638080E-10	2.559850E-10	8.649630E-11	2.258730E-12
-2.900000E+0	2.636370E-10	2.559480E-10	8.656800E-11	2.261880E-12
-2.850000E+0	2.635920E-10	2.558760E-10	8.659590E-11	2.261200E-12
-2.800000E+0	2.634790E-10	2.558320E-10	8.665940E-11	2.259180E-12
-2.750000E+0	2.633090E-10	2.557420E-10	8.670520E-11	2.265890E-12
-2.700000E+0	2.632140E-10	2.556610E-10	8.678350E-11	2.276500E-12
-2.650000E+0	2.630990E-10	2.555860E-10	8.681820E-11	2.281700E-12
-2.600000E+0	2.630490E-10	2.554960E-10	8.694240E-11	2.280460E-12
-2.550000E+0	2.629050E-10	2.554030E-10	8.688530E-11	2.277970E-12
-2.500000E+0	2.628350E-10	2.553090E-10	8.698780E-11	2.277590E-12
-2.450000E+0	2.626850E-10	2.552040E-10	8.703910E-11	2.276140E-12
-2.400000E+0	2.625630E-10	2.552030E-10	8.714870E-11	2.280300E-12
-2.350000E+0	2.623990E-10	2.551150E-10	8.711940E-11	2.284300E-12
-2.300000E+0	2.623680E-10	2.550240E-10	8.722420E-11	2.290770E-12
-2.250000E+0	2.622730E-10	2.549780E-10	8.726140E-11	2.282600E-12
-2.200000E+0	2.621210E-10	2.549010E-10	8.731480E-11	2.291370E-12
-2.150000E+0	2.621080E-10	2.548200E-10	8.739270E-11	2.293760E-12
-2.100000E+0	2.619690E-10	2.547810E-10	8.740710E-11	2.291350E-12
-2.050000E+0	2.619100E-10	2.547010E-10	8.744610E-11	2.303150E-12
-2.000000E+0	2.618410E-10	2.546370E-10	8.745160E-11	2.296000E-12
-1.950000E+0	2.617140E-10	2.545810E-10	8.748210E-11	2.301270E-12
-1.900000E+0	2.616530E-10	2.545170E-10	8.756050E-11	2.303660E-12
-1.850000E+0	2.615460E-10	2.544280E-10	8.762800E-11	2.300800E-12
-1.800000E+0	2.615070E-10	2.543860E-10	8.767530E-11	2.299550E-12
-1.750000E+0	2.614060E-10	2.543140E-10	8.764370E-11	2.301700E-12
-1.700000E+0	2.612830E-10	2.542610E-10	8.765590E-11	2.305620E-12
-1.650000E+0	2.613200E-10	2.541790E-10	8.768020E-11	2.312120E-12
-1.600000E+0	2.612070E-10	2.541160E-10	8.779820E-11	2.307450E-12
-1.550000E+0	2.610900E-10	2.540960E-10	8.786110E-11	2.317790E-12
-1.500000E+0	2.611090E-10	2.540440E-10	8.789150E-11	2.321140E-12
-1.450000E+0	2.610330E-10	2.539900E-10	8.779380E-11	2.324040E-12
-1.400000E+0	2.609360E-10	2.539710E-10	8.775920E-11	2.321120E-12
-1.350000E+0	2.610200E-10	2.539240E-10	8.766080E-11	2.320680E-12
-1.300000E+0	2.608990E-10	2.539220E-10	8.765000E-11	2.324020E-12
-1.250000E+0	2.608660E-10	2.539350E-10	8.755100E-11	2.327070E-12
-1.200000E+0	2.608770E-10	2.539380E-10	8.747500E-11	2.329010E-12
-1.150000E+0	2.609270E-10	2.539640E-10	8.743790E-11	2.329760E-12
-1.100000E+0	2.608870E-10	2.540750E-10	8.742690E-11	2.330120E-12
-1.050000E+0	2.610330E-10	2.542420E-10	8.755160E-11	2.324400E-12
-1.000000E+0	2.611220E-10	2.544820E-10	8.743690E-11	2.331540E-12
-9.500000E-1	2.614990E-10	2.548100E-10	8.731100E-11	2.328140E-12
-9.000000E-1	2.615760E-10	2.552330E-10	8.714550E-11	2.327200E-12
-8.500000E-1	2.621540E-10	2.557270E-10	8.702610E-11	2.330750E-12
-8.000000E-1	2.627180E-10	2.562720E-10	8.699520E-11	2.329410E-12
-7.500000E-1	2.632480E-10	2.568860E-10	8.690240E-11	2.335810E-12
-7.000000E-1	2.639620E-10	2.575270E-10	8.686500E-11	2.338030E-12
-6.500000E-1	2.647950E-10	2.581780E-10	8.689700E-11	2.337720E-12
-6.000000E-1	2.658100E-10	2.588620E-10	8.676760E-11	2.341380E-12
-5.500000E-1	2.669940E-10	2.596010E-10	8.666530E-11	2.344130E-12
-5.000000E-1	2.689080E-10	2.603860E-10	8.659680E-11	2.343510E-12
-4.500000E-1	2.722690E-10	2.612900E-10	8.645020E-11	2.339120E-12
-4.000000E-1	2.788410E-10	2.623870E-10	8.642870E-11	2.336220E-12
-3.500000E-1	2.914320E-10	2.638390E-10	8.627560E-11	2.339740E-12
-3.000000E-1	3.083860E-10	2.661430E-10	8.604910E-11	2.342360E-12
-2.500000E-1	3.283230E-10	2.703660E-10	8.581530E-11	2.344520E-12
-2.000000E-1	3.531350E-10	2.799930E-10	8.509480E-11	2.334660E-12
-1.500000E-1	3.907010E-10	2.998910E-10	8.349530E-11	2.321650E-12
-1.000000E-1	4.500370E-10	3.344130E-10	8.056180E-11	2.289530E-12
-5.000000E-2	5.376490E-10	3.894790E-10	7.478020E-11	2.218160E-12
0.000000E+0	6.415920E-10	4.657090E-10	6.637430E-11	2.085210E-12
5.000000E-2	7.404090E-10	5.490820E-10	5.814450E-11	1.880340E-12
1.000000E-1	8.203870E-10	6.244340E-10	5.279240E-11	1.611830E-12
1.500000E-1	8.806970E-10	6.814650E-10	5.013940E-11	1.332440E-12
2.000000E-1	9.262510E-10	7.222370E-10	4.916610E-11	1.070880E-12
2.500000E-1	9.607910E-10	7.517400E-10	4.880680E-11	8.360030E-13
3.000000E-1	9.878360E-10	7.736110E-10	4.873130E-11	6.774650E-13
3.500000E-1	1.009500E-9	7.896880E-10	4.857200E-11	5.860540E-13
4.000000E-1	1.026530E-9	8.017240E-10	4.856300E-11	5.425130E-13
4.500000E-1	1.040980E-9	8.117910E-10	4.858750E-11	5.386300E-13
5.000000E-1	1.053010E-9	8.192440E-10	4.859550E-11	5.671320E-13
5.500000E-1	1.062980E-9	8.253300E-10	4.861130E-11	6.083870E-13
6.000000E-1	1.071500E-9	8.307410E-10	4.863380E-11	6.438430E-13
6.500000E-1	1.079550E-9	8.350070E-10	4.859780E-11	7.010280E-13
7.000000E-1	1.085940E-9	8.387170E-10	4.852010E-11	7.408310E-13
7.500000E-1	1.091810E-9	8.420940E-10	4.857480E-11	7.795490E-13
8.000000E-1	1.097050E-9	8.449310E-10	4.855130E-11	8.200850E-13
8.500000E-1	1.101500E-9	8.472640E-10	4.840250E-11	8.520910E-13
9.000000E-1	1.105460E-9	8.489520E-10	4.849810E-11	8.877560E-13
9.500000E-1	1.109240E-9	8.507360E-10	4.843010E-11	9.174440E-13
1.000000E+0	1.112480E-9	8.526060E-10	4.838020E-11	9.472390E-13
1.050000E+0	1.115600E-9	8.538690E-10	4.839180E-11	9.690570E-13
1.100000E+0	1.118460E-9	8.554420E-10	4.830170E-11	9.964960E-13
1.150000E+0	1.120800E-9	8.562160E-10	4.833770E-11	1.016470E-12
1.200000E+0	1.123200E-9	8.575400E-10	4.831820E-11	1.047360E-12
1.250000E+0	1.125230E-9	8.586070E-10	4.835230E-11	1.060500E-12
1.300000E+0	1.127200E-9	8.592640E-10	4.837360E-11	1.080750E-12
1.350000E+0	1.129200E-9	8.599790E-10	4.836580E-11	1.092770E-12
1.400000E+0	1.130580E-9	8.607290E-10	4.832800E-11	1.113660E-12
1.450000E+0	1.132410E-9	8.617310E-10	4.827610E-11	1.124700E-12
1.500000E+0	1.133720E-9	8.624690E-10	4.833030E-11	1.137180E-12
1.550000E+0	1.134930E-9	8.634540E-10	4.825600E-11	1.160310E-12
1.600000E+0	1.136200E-9	8.639870E-10	4.825070E-11	1.166760E-12
1.650000E+0	1.137620E-9	8.641520E-10	4.827760E-11	1.190600E-12
1.700000E+0	1.138570E-9	8.646630E-10	4.820890E-11	1.201010E-12
1.750000E+0	1.139490E-9	8.645050E-10	4.814830E-11	1.207240E-12
1.800000E+0	1.140400E-9	8.650820E-10	4.816760E-11	1.210830E-12
1.850000E+0	1.141480E-9	8.654570E-10	4.813180E-11	1.218460E-12
1.900000E+0	1.142290E-9	8.658110E-10	4.813550E-11	1.229020E-12
1.950000E+0	1.142950E-9	8.659620E-10	4.806530E-11	1.242610E-12
2.000000E+0	1.143650E-9	8.663650E-10	4.804350E-11	1.246790E-12
2.050000E+0	1.144370E-9	8.669420E-10	4.800190E-11	1.255030E-12
2.100000E+0	1.145020E-9	8.670050E-10	4.801590E-11	1.258140E-12
2.150000E+0	1.145700E-9	8.671760E-10	4.806930E-11	1.269090E-12
2.200000E+0	1.146280E-9	8.675230E-10	4.800630E-11	1.269430E-12
2.250000E+0	1.146730E-9	8.679330E-10	4.801390E-11	1.272430E-12
2.300000E+0	1.147360E-9	8.678670E-10	4.800610E-11	1.281440E-12
2.350000E+0	1.147770E-9	8.678520E-10	4.800730E-11	1.272520E-12
2.400000E+0	1.148590E-9	8.682960E-10	4.799380E-11	1.276980E-12
2.450000E+0	1.148680E-9	8.686440E-10	4.788510E-11	1.276810E-12
2.500000E+0	1.149120E-9	8.689440E-10	4.800070E-11	1.291860E-12
2.550000E+0	1.149510E-9	8.692100E-10	4.804880E-11	1.293080E-12
2.600000E+0	1.149840E-9	8.689280E-10	4.802840E-11	1.299940E-12
2.650000E+0	1.150140E-9	8.690520E-10	4.799290E-11	1.298760E-12
2.700000E+0	1.150680E-9	8.693490E-10	4.805350E-11	1.304080E-12
2.750000E+0	1.150760E-9	8.690500E-10	4.810440E-11	1.302320E-12
2.800000E+0	1.151120E-9	8.699840E-10	4.802730E-11	1.309780E-12
2.850000E+0	1.151520E-9	8.701270E-10	4.811900E-11	1.309570E-12
2.900000E+0	1.151590E-9	8.696950E-10	4.813000E-11	1.315460E-12
2.950000E+0	1.151890E-9	8.696170E-10	4.811080E-11	1.325110E-12
3.000000E+0	1.152170E-9	8.696780E-10	4.808560E-11	1.327350E-12
