V	1.000k	10.000k	100.000k	1.000M
-3.000000E+0	1.352740E-1	1.640180E-1	-1.824970E-2	4.635420E-2
-2.950000E+0	-7.194240E-2	8.962950E-2	-1.834260E-2	5.189600E-2
-2.900000E+0	1.926150E-2	-1.939780E-2	-1.104640E-2	4.733200E-2
-2.850000E+0	1.774770E-1	-6.541730E-2	-1.675640E-2	4.056190E-2
-2.800000E+0	7.840290E-2	-1.158380E-1	-7.393170E-3	3.599970E-2
-2.750000E+0	4.057980E-2	-1.504790E-1	-2.077530E-2	2.413080E-2
-2.700000E+0	2.165570E-2	-1.559880E-1	-5.604980E-3	5.325420E-3
-2.650000E+0	3.272030E-2	-1.344840E-1	-1.929780E-2	-1.196820E-2
-2.600000E+0	7.111580E-2	-8.204260E-2	-6.533800E-3	-1.487270E-2
-2.550000E+0	2.063540E-2	9.307610E-4	-1.424850E-2	-3.607730E-2
-2.500000E+0	5.041740E-2	5.437260E-2	-9.919910E-3	-4.813250E-2
-2.450000E+0	3.256000E-2	1.338900E-2	-1.501390E-2	-6.541960E-2
-2.400000E+0	1.645170E-2	1.176610E-2	-4.738250E-3	-6.605480E-2
-2.350000E+0	1.290100E-1	3.935680E-2	-3.766400E-3	-7.119610E-2
-2.300000E+0	8.215540E-2	5.909070E-2	7.852880E-4	-6.089940E-2
-2.250000E+0	6.870260E-2	7.918080E-2	2.278550E-2	-4.900740E-2
-2.200000E+0	1.548390E-1	1.152370E-1	3.874790E-2	-2.750530E-2
-2.150000E+0	1.278670E-1	1.378730E-1	6.872980E-2	-4.685940E-3
-2.100000E+0	1.794120E-1	1.358440E-1	1.096200E-1	3.368630E-2
-2.050000E+0	1.464120E-1	1.543140E-1	1.560070E-1	8.115690E-2
-2.000000E+0	1.264200E-1	1.338350E-1	2.077070E-1	1.343250E-1
-1.950000E+0	1.379700E-1	1.135340E-1	2.492640E-1	2.034330E-1
-1.900000E+0	6.831480E-2	8.573200E-2	2.666490E-1	2.817600E-1
-1.850000E+0	1.286640E-1	7.608510E-2	2.615420E-1	3.568460E-1
-1.800000E+0	4.078750E-2	5.695070E-2	2.397330E-1	4.342360E-1
-1.750000E+0	4.305860E-2	4.548830E-2	2.124340E-1	5.019380E-1
-1.700000E+0	2.852210E-2	3.521720E-2	1.823080E-1	5.636110E-1
-1.650000E+0	4.619300E-2	3.014370E-2	1.567760E-1	6.039520E-1
-1.600000E+0	1.941490E-2	2.460080E-2	1.341900E-1	6.165820E-1
-1.550000E+0	2.170450E-2	2.127830E-2	1.155760E-1	6.176330E-1
-1.500000E+0	6.616790E-3	1.757330E-2	1.008110E-1	5.945880E-1
-1.450000E+0	3.406880E-2	1.463830E-2	8.739050E-2	5.690290E-1
-1.400000E+0	5.117990E-3	1.344450E-2	7.708370E-2	5.341570E-1
-1.350000E+0	8.613540E-4	1.502420E-2	6.989150E-2	4.997440E-1
-1.300000E+0	5.907860E-8	1.346710E-2	6.283670E-2	4.677550E-1
-1.250000E+0	-8.937210E-3	9.028510E-3	5.666810E-2	4.367790E-1
-1.200000E+0	-7.449930E-3	1.100330E-2	5.190660E-2	4.091480E-1
-1.150000E+0	1.709820E-2	9.060950E-3	4.740620E-2	3.857810E-1
-1.100000E+0	1.039660E-2	6.193470E-3	4.362970E-2	3.626060E-1
-1.050000E+0	3.358400E-3	6.079440E-3	4.009560E-2	3.434320E-1
-1.000000E+0	2.618530E-3	8.807440E-3	3.701330E-2	3.226210E-1
-9.500000E-1	3.923630E-3	7.755260E-3	3.486940E-2	3.065830E-1
-9.000000E-1	-2.079700E-2	6.429000E-3	3.274700E-2	2.914550E-1
-8.500000E-1	2.514750E-2	5.974900E-3	2.991880E-2	2.765430E-1
-8.000000E-1	5.664270E-3	6.731370E-3	2.901120E-2	2.641910E-1
-7.500000E-1	2.362660E-2	2.311950E-2	2.718330E-2	2.537700E-1
-7.000000E-1	-2.024740E-3	1.539750E-2	2.558670E-2	2.427180E-1
-6.500000E-1	8.145760E-3	6.863390E-3	2.447860E-2	2.289310E-1
-6.000000E-1	-1.157910E-3	1.375400E-3	2.305080E-2	2.183810E-1
-5.500000E-1	6.654230E-3	-6.592180E-3	2.276750E-2	2.096250E-1
-5.000000E-1	-1.480210E-2	-1.016470E-2	2.044170E-2	1.993370E-1
-4.500000E-1	-3.297810E-3	-9.183040E-3	1.982710E-2	1.907940E-1
-4.000000E-1	-1.000950E-2	-5.745050E-3	1.959140E-2	1.821750E-1
-3.500000E-1	7.571430E-3	-3.464020E-3	1.873290E-2	1.740630E-1
-3.000000E-1	2.153730E-3	1.873830E-3	1.864450E-2	1.668210E-1
-2.500000E-1	4.867150E-3	7.085120E-3	1.802050E-2	1.572830E-1
-2.000000E-1	-6.267180E-3	1.520910E-2	1.696750E-2	1.509250E-1
-1.500000E-1	1.521930E-2	1.510770E-2	1.714020E-2	1.455760E-1
-1.000000E-1	-9.433260E-3	1.461310E-2	1.552870E-2	1.403350E-1
-5.000000E-2	7.733290E-3	1.415150E-2	1.480130E-2	1.356640E-1
0.000000E+0	-2.700140E-3	1.290440E-2	1.456210E-2	1.312400E-1
5.000000E-2	-1.675300E-2	9.406270E-3	1.409590E-2	1.278670E-1
1.000000E-1	6.842100E-3	4.783000E-3	1.433300E-2	1.250910E-1
1.500000E-1	1.987920E-2	6.410860E-4	1.416140E-2	1.248260E-1
2.000000E-1	1.421480E-3	-3.578320E-3	1.304620E-2	1.217000E-1
2.500000E-1	1.323300E-2	-6.748260E-3	1.269000E-2	1.205460E-1
3.000000E-1	6.809550E-3	-5.361900E-3	1.266000E-2	1.196330E-1
3.500000E-1	5.946920E-3	-3.920940E-3	1.234450E-2	1.176870E-1
4.000000E-1	8.815520E-3	-9.637860E-4	1.261200E-2	1.175710E-1
4.500000E-1	-5.279880E-4	3.159260E-3	1.185550E-2	1.145350E-1
5.000000E-1	3.946810E-3	7.916530E-3	1.216350E-2	1.141920E-1
5.500000E-1	-2.193830E-2	9.916810E-3	1.197470E-2	1.120780E-1
6.000000E-1	-7.173060E-3	1.406230E-2	1.098270E-2	1.075340E-1
6.500000E-1	9.188220E-3	1.893460E-2	1.100520E-2	1.042630E-1
7.000000E-1	-3.006940E-3	2.120500E-2	1.067210E-2	1.016700E-1
7.500000E-1	2.456260E-3	2.063120E-2	1.038320E-2	9.803670E-2
8.000000E-1	-4.965630E-3	1.203590E-2	1.033560E-2	9.483530E-2
8.500000E-1	5.575740E-3	5.083360E-3	1.009310E-2	9.198340E-2
9.000000E-1	3.069020E-4	-7.080960E-5	9.356960E-3	8.874070E-2
9.500000E-1	7.816400E-4	-4.408270E-3	9.689090E-3	8.500940E-2
1.000000E+0	-1.231630E-2	-1.054730E-2	9.340790E-3	8.300190E-2
1.050000E+0	9.473300E-4	-1.560600E-2	9.639830E-3	8.084760E-2
1.100000E+0	1.327520E-2	-1.454470E-2	9.447950E-3	7.793780E-2
1.150000E+0	9.540450E-3	-8.886670E-3	9.030670E-3	7.728790E-2
1.200000E+0	-1.602320E-3	1.297620E-4	8.468830E-3	7.570720E-2
1.250000E+0	5.697400E-3	4.205640E-3	8.487270E-3	7.410140E-2
1.300000E+0	1.258080E-2	1.548050E-3	8.842610E-3	7.146740E-2
1.350000E+0	8.798330E-3	4.699310E-3	8.119300E-3	7.326910E-2
1.400000E+0	-1.126930E-3	5.018440E-3	8.138220E-3	7.286020E-2
1.450000E+0	5.671750E-3	2.626760E-3	8.961690E-3	7.384000E-2
1.500000E+0	3.999710E-2	4.499870E-3	8.952260E-3	7.442160E-2
1.550000E+0	6.964940E-3	3.264880E-3	8.028980E-3	7.435800E-2
1.600000E+0	-4.347740E-3	5.798330E-3	7.990030E-3	7.436220E-2
1.650000E+0	2.001510E-3	5.847070E-3	8.326440E-3	7.510370E-2
1.700000E+0	2.020130E-3	5.885860E-3	7.461550E-3	7.462110E-2
1.750000E+0	1.174270E-2	3.668850E-3	7.719960E-3	7.379160E-2
1.800000E+0	5.707700E-3	4.096210E-3	8.088020E-3	7.402400E-2
1.850000E+0	1.543400E-3	3.656320E-3	7.695510E-3	7.372220E-2
1.900000E+0	-1.114940E-3	4.329910E-3	8.184450E-3	7.466840E-2
1.950000E+0	1.095920E-2	3.720810E-3	7.499800E-3	7.256980E-2
2.000000E+0	1.031590E-2	3.087030E-3	7.130390E-3	7.131500E-2
2.050000E+0	4.196300E-3	3.621550E-3	7.473810E-3	6.963500E-2
2.100000E+0	-4.230750E-3	4.485370E-3	8.020510E-3	6.761380E-2
2.150000E+0	-8.846830E-3	4.540710E-3	7.790000E-3	6.459510E-2
2.200000E+0	-6.798580E-3	4.856520E-3	7.144250E-3	6.170950E-2
2.250000E+0	-4.344280E-3	4.205160E-3	7.398190E-3	6.087570E-2
2.300000E+0	1.276080E-3	4.211840E-3	7.726320E-3	5.783010E-2
2.350000E+0	-1.288190E-2	3.481410E-3	7.295860E-3	5.617380E-2
2.400000E+0	-5.558840E-4	5.466470E-3	7.738560E-3	5.587700E-2
2.450000E+0	7.735990E-3	4.971900E-3	7.070340E-3	5.389550E-2
2.500000E+0	-2.587220E-3	5.275530E-3	7.554440E-3	5.313220E-2
2.550000E+0	1.353050E-2	5.011550E-3	7.700700E-3	5.411250E-2
2.600000E+0	6.677090E-3	5.164640E-3	6.925240E-3	5.383940E-2
2.650000E+0	-3.586520E-3	5.337870E-3	6.788230E-3	5.442860E-2
2.700000E+0	7.109810E-3	5.047420E-3	7.261830E-3	5.421160E-2
2.750000E+0	3.352270E-3	4.451200E-3	6.836360E-3	5.478420E-2
2.800000E+0	-5.699850E-3	5.610710E-3	6.856350E-3	5.860670E-2
2.850000E+0	-7.489970E-3	6.294630E-3	7.568060E-3	5.801980E-2
2.900000E+0	1.394690E-2	4.850460E-3	7.645890E-3	5.897500E-2
2.950000E+0	5.732540E-4	5.544270E-3	7.161900E-3	6.016540E-2
3.000000E+0	-3.436620E-3	4.196780E-3	8.009660E-3	6.011340E-2
