V	1.000k	10.000k	100.000k	1.000M
-3.000000E+0	3.711330E-13	3.879840E-13	3.972040E-13	4.016550E-13
-2.950000E+0	4.508310E-13	3.911840E-13	3.965750E-13	4.021600E-13
-2.900000E+0	5.135310E-13	3.848340E-13	3.976330E-13	4.032910E-13
-2.850000E+0	3.664940E-13	3.920040E-13	3.975450E-13	4.030550E-13
-2.800000E+0	4.265210E-13	3.883220E-13	3.984460E-13	4.037060E-13
-2.750000E+0	4.260600E-13	3.885420E-13	3.991030E-13	4.047000E-13
-2.700000E+0	4.241270E-13	3.872600E-13	3.996220E-13	4.047860E-13
-2.650000E+0	3.883300E-13	3.971930E-13	4.006450E-13	4.056420E-13
-2.600000E+0	3.923240E-13	3.927260E-13	4.001160E-13	4.063130E-13
-2.550000E+0	4.578080E-13	3.873910E-13	4.013810E-13	4.067900E-13
-2.500000E+0	3.742710E-13	3.871700E-13	4.018550E-13	4.073910E-13
-2.450000E+0	4.259100E-13	3.869420E-13	4.019250E-13	4.081070E-13
-2.400000E+0	3.907290E-13	3.892210E-13	4.028490E-13	4.084680E-13
-2.350000E+0	4.581800E-13	3.916820E-13	4.023740E-13	4.086280E-13
-2.300000E+0	4.139310E-13	3.866670E-13	4.043770E-13	4.102110E-13
-2.250000E+0	4.175100E-13	3.896340E-13	4.039920E-13	4.104030E-13
-2.200000E+0	4.395000E-13	3.927650E-13	4.041930E-13	4.113150E-13
-2.150000E+0	4.455590E-13	3.858030E-13	4.053300E-13	4.116330E-13
-2.100000E+0	3.727390E-13	3.904430E-13	4.049590E-13	4.128620E-13
-2.050000E+0	3.908580E-13	3.927740E-13	4.055590E-13	4.129100E-13
-2.000000E+0	4.038980E-13	3.881770E-13	4.055770E-13	4.136610E-13
-1.950000E+0	4.460810E-13	3.890580E-13	4.059380E-13	4.148960E-13
-1.900000E+0	3.900160E-13	3.904960E-13	4.056900E-13	4.148200E-13
-1.850000E+0	4.357340E-13	3.882960E-13	4.065380E-13	4.146420E-13
-1.800000E+0	3.706130E-13	3.941580E-13	4.077530E-13	4.168670E-13
-1.750000E+0	4.076140E-13	3.919640E-13	4.073400E-13	4.157060E-13
-1.700000E+0	3.909390E-13	3.936080E-13	4.071150E-13	4.181590E-13
-1.650000E+0	3.820730E-13	3.907020E-13	4.079320E-13	4.184910E-13
-1.600000E+0	4.225670E-13	3.931420E-13	4.074440E-13	4.195320E-13
-1.550000E+0	4.381440E-13	3.983830E-13	4.082240E-13	4.192820E-13
-1.500000E+0	3.877590E-13	3.836710E-13	4.074350E-13	4.204850E-13
-1.450000E+0	4.030850E-13	3.903220E-13	4.077750E-13	4.216730E-13
-1.400000E+0	4.181260E-13	3.813340E-13	4.083970E-13	4.216940E-13
-1.350000E+0	4.283020E-13	3.877900E-13	4.090720E-13	4.234080E-13
-1.300000E+0	3.856080E-13	3.882460E-13	4.077040E-13	4.239370E-13
-1.250000E+0	3.839440E-13	3.960450E-13	4.077750E-13	4.250700E-13
-1.200000E+0	4.592080E-13	3.802490E-13	4.087440E-13	4.260320E-13
-1.150000E+0	3.936220E-13	3.863910E-13	4.102610E-13	4.273320E-13
-1.100000E+0	4.575270E-13	3.761560E-13	4.087740E-13	4.278260E-13
-1.050000E+0	4.072880E-13	3.786220E-13	4.083350E-13	4.295680E-13
-1.000000E+0	4.200420E-13	3.870940E-13	4.099530E-13	4.302390E-13
-9.500000E-1	4.409550E-13	3.935560E-13	4.100730E-13	4.312360E-13
-9.000000E-1	4.318140E-13	4.014880E-13	4.102100E-13	4.312050E-13
-8.500000E-1	4.186810E-13	4.046540E-13	4.096790E-13	4.333180E-13
-8.000000E-1	3.736300E-13	4.126130E-13	4.105350E-13	4.354800E-13
-7.500000E-1	4.457820E-13	4.122930E-13	4.130250E-13	4.378170E-13
-7.000000E-1	4.053180E-13	4.082890E-13	4.130240E-13	4.403010E-13
-6.500000E-1	4.398870E-13	4.096190E-13	4.149240E-13	4.437710E-13
-6.000000E-1	4.638670E-13	4.114780E-13	4.175120E-13	4.463130E-13
-5.500000E-1	4.408840E-13	3.992680E-13	4.201930E-13	4.493820E-13
-5.000000E-1	3.959050E-13	3.958830E-13	4.217430E-13	4.535980E-13
-4.500000E-1	4.551500E-13	3.976970E-13	4.241380E-13	4.573040E-13
-4.000000E-1	4.607930E-13	3.941730E-13	4.262750E-13	4.611120E-13
-3.500000E-1	4.267600E-13	3.958130E-13	4.294780E-13	4.641650E-13
-3.000000E-1	4.399530E-13	4.075780E-13	4.321610E-13	4.678660E-13
-2.500000E-1	4.713140E-13	4.139490E-13	4.352810E-13	4.724050E-13
-2.000000E-1	4.727550E-13	4.165660E-13	4.380770E-13	4.772080E-13
-1.500000E-1	4.832960E-13	4.249830E-13	4.423950E-13	4.826690E-13
-1.000000E-1	4.349120E-13	4.393620E-13	4.471090E-13	4.889490E-13
-5.000000E-2	5.936360E-13	4.518770E-13	4.553730E-13	4.955220E-13
0.000000E+0	6.848340E-13	4.903350E-13	4.690520E-13	5.064350E-13
5.000000E-2	8.968100E-13	5.942890E-13	4.978410E-13	5.228350E-13
1.000000E-1	1.321250E-12	8.295000E-13	5.674510E-13	5.531740E-13
1.500000E-1	1.974810E-12	1.287610E-12	7.330950E-13	6.083790E-13
2.000000E-1	2.528570E-12	1.904120E-12	1.080270E-12	6.870600E-13
2.500000E-1	2.929660E-12	2.450300E-12	1.619180E-12	7.800430E-13
3.000000E-1	3.187100E-12	2.872000E-12	2.198920E-12	8.797570E-13
3.500000E-1	3.411480E-12	3.158440E-12	2.672790E-12	9.817490E-13
4.000000E-1	3.515180E-12	3.359590E-12	3.014620E-12	1.095600E-12
4.500000E-1	3.711410E-12	3.499270E-12	3.251620E-12	1.230640E-12
5.000000E-1	3.734020E-12	3.613940E-12	3.421030E-12	1.386150E-12
5.500000E-1	3.806940E-12	3.685060E-12	3.545870E-12	1.555100E-12
6.000000E-1	3.792410E-12	3.748690E-12	3.640660E-12	1.735290E-12
6.500000E-1	3.867840E-12	3.802630E-12	3.713700E-12	1.918080E-12
7.000000E-1	3.871470E-12	3.841970E-12	3.771010E-12	2.099720E-12
7.500000E-1	3.965980E-12	3.878610E-12	3.818260E-12	2.278300E-12
8.000000E-1	3.985780E-12	3.914370E-12	3.856950E-12	2.450820E-12
8.500000E-1	3.984180E-12	3.933340E-12	3.890580E-12	2.606940E-12
9.000000E-1	3.954760E-12	3.956180E-12	3.917790E-12	2.759600E-12
9.500000E-1	4.020350E-12	3.971500E-12	3.941280E-12	2.898090E-12
1.000000E+0	4.030710E-12	3.987110E-12	3.960100E-12	3.027770E-12
1.050000E+0	4.068550E-12	4.006660E-12	3.979750E-12	3.142300E-12
1.100000E+0	4.116350E-12	4.021610E-12	3.996240E-12	3.244830E-12
1.150000E+0	4.082700E-12	4.031990E-12	4.009730E-12	3.339380E-12
1.200000E+0	4.065080E-12	4.042170E-12	4.021630E-12	3.426890E-12
1.250000E+0	4.086800E-12	4.058210E-12	4.033170E-12	3.496580E-12
1.300000E+0	4.097240E-12	4.061910E-12	4.043090E-12	3.565550E-12
1.350000E+0	4.076070E-12	4.073410E-12	4.052320E-12	3.627120E-12
1.400000E+0	4.105050E-12	4.079000E-12	4.061270E-12	3.682040E-12
1.450000E+0	4.143670E-12	4.081620E-12	4.068210E-12	3.731320E-12
1.500000E+0	4.157160E-12	4.091650E-12	4.075650E-12	3.775440E-12
1.550000E+0	4.123480E-12	4.097720E-12	4.082460E-12	3.815210E-12
1.600000E+0	4.164100E-12	4.099700E-12	4.088490E-12	3.852110E-12
1.650000E+0	4.131520E-12	4.108570E-12	4.093140E-12	3.884140E-12
1.700000E+0	4.164650E-12	4.117880E-12	4.097420E-12	3.915300E-12
1.750000E+0	4.217370E-12	4.116390E-12	4.103110E-12	3.940080E-12
1.800000E+0	4.157240E-12	4.114360E-12	4.107220E-12	3.964310E-12
1.850000E+0	4.183010E-12	4.121240E-12	4.110170E-12	3.987050E-12
1.900000E+0	4.190710E-12	4.124410E-12	4.116400E-12	4.007030E-12
1.950000E+0	4.201480E-12	4.127710E-12	4.118060E-12	4.025450E-12
2.000000E+0	4.198750E-12	4.133130E-12	4.120520E-12	4.042590E-12
2.050000E+0	4.182600E-12	4.132510E-12	4.124140E-12	4.058520E-12
2.100000E+0	4.134360E-12	4.138670E-12	4.126950E-12	4.073140E-12
2.150000E+0	4.157730E-12	4.144600E-12	4.129750E-12	4.086090E-12
2.200000E+0	4.174650E-12	4.139900E-12	4.131990E-12	4.098100E-12
2.250000E+0	4.211790E-12	4.147130E-12	4.135220E-12	4.109070E-12
2.300000E+0	4.170990E-12	4.148020E-12	4.136650E-12	4.118990E-12
2.350000E+0	4.220660E-12	4.150470E-12	4.139290E-12	4.128460E-12
2.400000E+0	4.227500E-12	4.156590E-12	4.139000E-12	4.137730E-12
2.450000E+0	4.179560E-12	4.150520E-12	4.141520E-12	4.146480E-12
2.500000E+0	4.195570E-12	4.153760E-12	4.143510E-12	4.153670E-12
2.550000E+0	4.144190E-12	4.154280E-12	4.144890E-12	4.161050E-12
2.600000E+0	4.179910E-12	4.156280E-12	4.145890E-12	4.167230E-12
2.650000E+0	4.147470E-12	4.162140E-12	4.147950E-12	4.172950E-12
2.700000E+0	4.250880E-12	4.166750E-12	4.149140E-12	4.178480E-12
2.750000E+0	4.196020E-12	4.161670E-12	4.150290E-12	4.184270E-12
2.800000E+0	4.149270E-12	4.156240E-12	4.151500E-12	4.188470E-12
2.850000E+0	4.228660E-12	4.162330E-12	4.152530E-12	4.193350E-12
2.900000E+0	4.197290E-12	4.162100E-12	4.152960E-12	4.198250E-12
2.950000E+0	4.219820E-12	4.163350E-12	4.153060E-12	4.202020E-12
3.000000E+0	4.233200E-12	4.156370E-12	4.155640E-12	4.205920E-12
