V	1.000k	10.000k	100.000k	1.000M
-3.000000E+0	1.147310E-2	3.451680E-2	2.684260E-1	3.529780E+0
-2.950000E+0	1.125990E-2	3.431270E-2	2.680000E-1	3.524680E+0
-2.900000E+0	1.115810E-2	3.420840E-2	2.669350E-1	3.520260E+0
-2.850000E+0	1.101570E-2	3.403200E-2	2.665200E-1	3.517120E+0
-2.800000E+0	1.079100E-2	3.403680E-2	2.661840E-1	3.512980E+0
-2.750000E+0	1.066620E-2	3.389270E-2	2.658940E-1	3.510190E+0
-2.700000E+0	1.052430E-2	3.372120E-2	2.656950E-1	3.504930E+0
-2.650000E+0	1.029670E-2	3.359830E-2	2.656960E-1	3.500930E+0
-2.600000E+0	1.024540E-2	3.338010E-2	2.655180E-1	3.493990E+0
-2.550000E+0	1.017360E-2	3.326930E-2	2.652930E-1	3.490010E+0
-2.500000E+0	1.009480E-2	3.313470E-2	2.649660E-1	3.485690E+0
-2.450000E+0	9.899710E-3	3.306580E-2	2.646720E-1	3.481680E+0
-2.400000E+0	9.856530E-3	3.294660E-2	2.643640E-1	3.477700E+0
-2.350000E+0	9.709570E-3	3.281050E-2	2.640310E-1	3.473320E+0
-2.300000E+0	9.620580E-3	3.274560E-2	2.637300E-1	3.469250E+0
-2.250000E+0	9.564700E-3	3.270030E-2	2.634260E-1	3.465550E+0
-2.200000E+0	9.413070E-3	3.255760E-2	2.631470E-1	3.461140E+0
-2.150000E+0	9.444320E-3	3.248520E-2	2.628420E-1	3.456930E+0
-2.100000E+0	9.156270E-3	3.239450E-2	2.625800E-1	3.454340E+0
-2.050000E+0	8.909640E-3	3.228900E-2	2.623140E-1	3.449840E+0
-2.000000E+0	8.995230E-3	3.224750E-2	2.620250E-1	3.446430E+0
-1.950000E+0	8.882140E-3	3.210600E-2	2.617720E-1	3.443010E+0
-1.900000E+0	8.867030E-3	3.202250E-2	2.615060E-1	3.438920E+0
-1.850000E+0	8.893640E-3	3.187260E-2	2.612510E-1	3.435520E+0
-1.800000E+0	8.716860E-3	3.174200E-2	2.609220E-1	3.432000E+0
-1.750000E+0	8.593950E-3	3.165410E-2	2.606980E-1	3.428700E+0
-1.700000E+0	8.529740E-3	3.153150E-2	2.604210E-1	3.425300E+0
-1.650000E+0	8.356670E-3	3.144350E-2	2.602270E-1	3.420690E+0
-1.600000E+0	8.142230E-3	3.133660E-2	2.599640E-1	3.415400E+0
-1.550000E+0	8.299630E-3	3.127470E-2	2.597040E-1	3.412300E+0
-1.500000E+0	8.199840E-3	3.118700E-2	2.594690E-1	3.408750E+0
-1.450000E+0	8.081030E-3	3.114300E-2	2.592230E-1	3.404950E+0
-1.400000E+0	8.023950E-3	3.110260E-2	2.589390E-1	3.400950E+0
-1.350000E+0	8.095600E-3	3.103050E-2	2.587560E-1	3.396690E+0
-1.300000E+0	7.950630E-3	3.101030E-2	2.584980E-1	3.393100E+0
-1.250000E+0	7.922350E-3	3.088170E-2	2.583370E-1	3.389450E+0
-1.200000E+0	7.740450E-3	3.078860E-2	2.581830E-1	3.385950E+0
-1.150000E+0	7.607540E-3	3.073890E-2	2.579100E-1	3.382720E+0
-1.100000E+0	7.814920E-3	3.058000E-2	2.576580E-1	3.379380E+0
-1.050000E+0	7.716150E-3	3.044240E-2	2.574490E-1	3.376270E+0
-1.000000E+0	7.545780E-3	3.040080E-2	2.572270E-1	3.373010E+0
-9.500000E-1	7.507660E-3	3.025360E-2	2.568960E-1	3.369020E+0
-9.000000E-1	7.306370E-3	3.023990E-2	2.566410E-1	3.366070E+0
-8.500000E-1	7.327790E-3	3.013730E-2	2.563620E-1	3.362350E+0
-8.000000E-1	7.273880E-3	3.006340E-2	2.561220E-1	3.358810E+0
-7.500000E-1	7.248790E-3	3.007390E-2	2.558530E-1	3.355870E+0
-7.000000E-1	7.212660E-3	3.002280E-2	2.556420E-1	3.352060E+0
-6.500000E-1	7.071440E-3	3.000420E-2	2.554260E-1	3.348850E+0
-6.000000E-1	7.158880E-3	2.994210E-2	2.551860E-1	3.345550E+0
-5.500000E-1	6.970590E-3	2.986950E-2	2.548980E-1	3.342400E+0
-5.000000E-1	6.944430E-3	2.984750E-2	2.547520E-1	3.339850E+0
-4.500000E-1	6.887820E-3	2.977400E-2	2.545120E-1	3.338100E+0
-4.000000E-1	6.812690E-3	2.968760E-2	2.542160E-1	3.334380E+0
-3.500000E-1	6.734160E-3	2.959750E-2	2.540570E-1	3.331320E+0
-3.000000E-1	7.007320E-3	2.952220E-2	2.538050E-1	3.328050E+0
-2.500000E-1	6.735170E-3	2.941700E-2	2.535390E-1	3.325270E+0
-2.000000E-1	6.628100E-3	2.935380E-2	2.533700E-1	3.321260E+0
-1.500000E-1	6.629040E-3	2.928930E-2	2.531340E-1	3.317130E+0
-1.000000E-1	6.718010E-3	2.926670E-2	2.529050E-1	3.314380E+0
-5.000000E-2	6.312990E-3	2.919770E-2	2.527780E-1	3.310990E+0
0.000000E+0	6.387240E-3	2.919590E-2	2.525210E-1	3.307890E+0
5.000000E-2	6.247060E-3	2.919280E-2	2.523190E-1	3.304570E+0
1.000000E-1	6.313280E-3	2.914040E-2	2.521220E-1	3.301430E+0
1.500000E-1	6.584250E-3	2.913600E-2	2.519620E-1	3.298190E+0
2.000000E-1	6.561080E-3	2.911540E-2	2.517160E-1	3.295640E+0
2.500000E-1	6.360470E-3	2.905090E-2	2.515510E-1	3.292180E+0
3.000000E-1	6.315550E-3	2.904210E-2	2.513080E-1	3.289640E+0
3.500000E-1	6.472630E-3	2.897830E-2	2.511190E-1	3.286060E+0
4.000000E-1	6.499920E-3	2.892410E-2	2.509690E-1	3.282960E+0
4.500000E-1	6.338610E-3	2.883600E-2	2.508060E-1	3.279980E+0
5.000000E-1	6.320330E-3	2.870930E-2	2.506410E-1	3.276550E+0
5.500000E-1	6.132390E-3	2.864620E-2	2.504120E-1	3.273810E+0
6.000000E-1	6.228880E-3	2.863960E-2	2.502550E-1	3.271160E+0
6.500000E-1	6.207520E-3	2.859170E-2	2.500400E-1	3.268920E+0
7.000000E-1	6.348760E-3	2.865330E-2	2.498970E-1	3.265750E+0
7.500000E-1	6.150180E-3	2.862430E-2	2.497290E-1	3.263050E+0
8.000000E-1	6.407950E-3	2.866470E-2	2.495130E-1	3.260540E+0
8.500000E-1	6.326010E-3	2.867400E-2	2.492970E-1	3.257880E+0
9.000000E-1	6.200690E-3	2.868910E-2	2.491190E-1	3.254280E+0
9.500000E-1	6.521660E-3	2.867830E-2	2.489980E-1	3.251410E+0
1.000000E+0	6.270640E-3	2.864940E-2	2.487870E-1	3.248120E+0
1.050000E+0	6.189250E-3	2.858430E-2	2.486160E-1	3.245220E+0
1.100000E+0	6.267760E-3	2.853910E-2	2.484850E-1	3.242340E+0
1.150000E+0	6.205060E-3	2.851880E-2	2.489560E-1	3.239640E+0
1.200000E+0	6.078150E-3	2.842230E-2	2.488330E-1	3.237080E+0
1.250000E+0	6.179440E-3	2.835930E-2	2.487750E-1	3.233570E+0
1.300000E+0	6.307870E-3	2.829220E-2	2.486310E-1	3.231040E+0
1.350000E+0	6.151750E-3	2.844870E-2	2.489230E-1	3.228150E+0
1.400000E+0	6.295720E-3	2.835660E-2	2.490210E-1	3.225520E+0
1.450000E+0	6.145790E-3	2.844230E-2	2.516350E-1	3.222250E+0
1.500000E+0	6.418790E-3	2.840960E-2	2.513430E-1	3.219990E+0
1.550000E+0	6.252370E-3	2.837510E-2	2.511770E-1	3.217020E+0
1.600000E+0	6.393790E-3	2.837440E-2	2.510750E-1	3.213930E+0
1.650000E+0	6.380190E-3	2.836710E-2	2.508970E-1	3.211310E+0
1.700000E+0	6.406050E-3	2.837440E-2	2.506980E-1	3.209660E+0
1.750000E+0	6.125400E-3	2.837190E-2	2.505900E-1	3.206440E+0
1.800000E+0	6.234330E-3	2.830570E-2	2.504030E-1	3.203490E+0
1.850000E+0	6.255210E-3	2.838370E-2	2.503070E-1	3.201050E+0
1.900000E+0	6.132650E-3	2.834220E-2	2.501210E-1	3.198340E+0
1.950000E+0	6.320310E-3	2.834120E-2	2.499960E-1	3.196000E+0
2.000000E+0	6.395370E-3	2.837230E-2	2.498460E-1	3.193290E+0
2.050000E+0	6.293890E-3	2.837020E-2	2.496790E-1	3.190690E+0
2.100000E+0	6.518250E-3	2.837230E-2	2.495410E-1	3.187940E+0
2.150000E+0	6.444590E-3	2.839490E-2	2.494050E-1	3.185340E+0
2.200000E+0	6.304110E-3	2.835180E-2	2.491810E-1	3.183200E+0
2.250000E+0	6.565760E-3	2.839100E-2	2.489670E-1	3.180340E+0
2.300000E+0	6.474520E-3	2.841360E-2	2.488590E-1	3.177560E+0
2.350000E+0	6.443130E-3	2.838390E-2	2.487420E-1	3.175100E+0
2.400000E+0	6.614600E-3	2.842740E-2	2.485840E-1	3.171790E+0
2.450000E+0	6.645900E-3	2.841490E-2	2.484740E-1	3.169360E+0
2.500000E+0	6.701550E-3	2.843840E-2	2.483800E-1	3.166890E+0
2.550000E+0	6.406570E-3	2.843840E-2	2.482410E-1	3.164180E+0
2.600000E+0	6.707660E-3	2.846990E-2	2.481300E-1	3.161450E+0
2.650000E+0	6.758670E-3	2.847320E-2	2.479810E-1	3.159100E+0
2.700000E+0	6.707080E-3	2.848880E-2	2.475490E-1	3.156380E+0
2.750000E+0	6.846280E-3	2.847240E-2	2.474540E-1	3.153570E+0
2.800000E+0	6.695580E-3	2.853200E-2	2.472930E-1	3.151170E+0
2.850000E+0	6.871640E-3	2.853140E-2	2.471190E-1	3.148900E+0
2.900000E+0	6.993720E-3	2.853670E-2	2.469020E-1	3.146740E+0
2.950000E+0	6.943170E-3	2.856310E-2	2.467370E-1	3.143910E+0
3.000000E+0	7.258760E-3	2.855110E-2	2.466690E-1	3.141910E+0
