V	1.000k	10.000k	100.000k	1.000M
-3.000000E+0	4.382050E-13	3.581920E-13	3.789730E-13	3.787930E-13
-2.950000E+0	4.435280E-13	3.788880E-13	3.795560E-13	3.789760E-13
-2.900000E+0	4.370780E-13	4.035970E-13	3.802290E-13	3.790130E-13
-2.850000E+0	4.613320E-13	4.203750E-13	3.799770E-13	3.792260E-13
-2.800000E+0	3.812960E-13	4.452210E-13	3.793950E-13	3.796470E-13
-2.750000E+0	3.428490E-13	4.548680E-13	3.795260E-13	3.802240E-13
-2.700000E+0	4.022250E-13	4.488170E-13	3.796880E-13	3.792970E-13
-2.650000E+0	3.913580E-13	4.350220E-13	3.810760E-13	3.795140E-13
-2.600000E+0	4.163080E-13	4.109570E-13	3.806020E-13	3.807810E-13
-2.550000E+0	4.327580E-13	3.777890E-13	3.800000E-13	3.802480E-13
-2.500000E+0	4.294360E-13	3.423800E-13	3.816850E-13	3.805580E-13
-2.450000E+0	4.237540E-13	3.174750E-13	3.816010E-13	3.810820E-13
-2.400000E+0	3.857510E-13	3.022110E-13	3.822300E-13	3.802200E-13
-2.350000E+0	3.978880E-13	3.013100E-13	3.816340E-13	3.809950E-13
-2.300000E+0	4.485250E-13	3.090300E-13	3.824520E-13	3.815660E-13
-2.250000E+0	4.220870E-13	3.354790E-13	3.830020E-13	3.816500E-13
-2.200000E+0	3.899730E-13	3.751880E-13	3.821090E-13	3.817340E-13
-2.150000E+0	4.664680E-13	4.073220E-13	3.835050E-13	3.824330E-13
-2.100000E+0	4.245660E-13	4.391780E-13	3.831170E-13	3.823810E-13
-2.050000E+0	4.461790E-13	4.636060E-13	3.843450E-13	3.827430E-13
-2.000000E+0	3.929490E-13	3.848150E-13	3.844210E-13	3.831550E-13
-1.950000E+0	4.331170E-13	3.908240E-13	3.841960E-13	3.841400E-13
-1.900000E+0	4.057380E-13	3.809920E-13	3.851540E-13	3.836240E-13
-1.850000E+0	5.716470E-13	3.863950E-13	3.860340E-13	3.842540E-13
-1.800000E+0	3.286400E-13	3.820070E-13	3.860810E-13	3.846940E-13
-1.750000E+0	4.043680E-13	3.861160E-13	3.859880E-13	3.844890E-13
-1.700000E+0	3.705530E-13	3.812960E-13	3.863860E-13	3.849520E-13
-1.650000E+0	4.038320E-13	3.904660E-13	3.856070E-13	3.856270E-13
-1.600000E+0	4.440110E-13	3.832260E-13	3.872790E-13	3.862050E-13
-1.550000E+0	4.711660E-13	3.749800E-13	3.869620E-13	3.856900E-13
-1.500000E+0	4.087230E-13	3.796070E-13	3.878120E-13	3.870630E-13
-1.450000E+0	4.673300E-13	3.827040E-13	3.880580E-13	3.866730E-13
-1.400000E+0	3.697200E-13	3.819720E-13	3.890290E-13	3.870000E-13
-1.350000E+0	3.968930E-13	3.845790E-13	3.904440E-13	3.881350E-13
-1.300000E+0	4.336170E-13	3.902600E-13	3.894090E-13	3.887620E-13
-1.250000E+0	3.966590E-13	3.870130E-13	3.916850E-13	3.882720E-13
-1.200000E+0	3.468620E-13	3.885000E-13	3.907390E-13	3.891640E-13
-1.150000E+0	3.972680E-13	3.864850E-13	3.906560E-13	3.890400E-13
-1.100000E+0	3.583070E-13	3.839560E-13	3.921820E-13	3.896030E-13
-1.050000E+0	4.425680E-13	3.878600E-13	3.927970E-13	3.886230E-13
-1.000000E+0	4.181120E-13	3.914700E-13	3.941340E-13	3.897620E-13
-9.500000E-1	4.179690E-13	3.874810E-13	3.941880E-13	3.906570E-13
-9.000000E-1	4.124480E-13	3.882310E-13	3.940490E-13	3.900120E-13
-8.500000E-1	4.438570E-13	3.923530E-13	3.945650E-13	3.912580E-13
-8.000000E-1	3.937370E-13	3.853060E-13	3.956210E-13	3.912950E-13
-7.500000E-1	4.083800E-13	3.884040E-13	3.964160E-13	3.916660E-13
-7.000000E-1	3.967490E-13	3.889470E-13	3.969650E-13	3.923890E-13
-6.500000E-1	4.140290E-13	3.934280E-13	3.983150E-13	3.929690E-13
-6.000000E-1	4.202070E-13	3.902540E-13	3.984620E-13	3.931130E-13
-5.500000E-1	3.700720E-13	3.949020E-13	3.990740E-13	3.935360E-13
-5.000000E-1	3.933680E-13	3.905730E-13	3.995860E-13	3.940800E-13
-4.500000E-1	4.044940E-13	3.967000E-13	4.030750E-13	3.954600E-13
-4.000000E-1	3.305570E-13	3.914850E-13	4.030890E-13	3.974630E-13
-3.500000E-1	3.909820E-13	3.965960E-13	4.046480E-13	3.986220E-13
-3.000000E-1	3.972860E-13	3.946360E-13	4.066000E-13	4.006690E-13
-2.500000E-1	4.113680E-13	3.940400E-13	4.108680E-13	4.038990E-13
-2.000000E-1	4.747400E-13	4.024270E-13	4.158420E-13	4.075060E-13
-1.500000E-1	4.588550E-13	4.068940E-13	4.226350E-13	4.140710E-13
-1.000000E-1	5.370320E-13	4.299060E-13	4.378780E-13	4.289500E-13
-5.000000E-2	4.822630E-13	4.793300E-13	4.734700E-13	4.558950E-13
0.000000E+0	8.117880E-13	6.135240E-13	5.362550E-13	5.018160E-13
5.000000E-2	1.342900E-12	9.978090E-13	6.633640E-13	5.702730E-13
1.000000E-1	2.010310E-12	1.653090E-12	9.223050E-13	6.634430E-13
1.500000E-1	2.642560E-12	2.341770E-12	1.422140E-12	7.709480E-13
2.000000E-1	3.040610E-12	2.852720E-12	2.100540E-12	8.866920E-13
2.500000E-1	3.251020E-12	3.172440E-12	2.680760E-12	9.966890E-13
3.000000E-1	3.450030E-12	3.378780E-12	3.070940E-12	1.114380E-12
3.500000E-1	3.570840E-12	3.519240E-12	3.320370E-12	1.256680E-12
4.000000E-1	3.651220E-12	3.619660E-12	3.482080E-12	1.429530E-12
4.500000E-1	3.787640E-12	3.690950E-12	3.594590E-12	1.629570E-12
5.000000E-1	3.800510E-12	3.745560E-12	3.675440E-12	1.838420E-12
5.500000E-1	3.816210E-12	3.798920E-12	3.736530E-12	2.049800E-12
6.000000E-1	3.873930E-12	3.821670E-12	3.783540E-12	2.254860E-12
6.500000E-1	3.907980E-12	3.853960E-12	3.822080E-12	2.445220E-12
7.000000E-1	3.936780E-12	3.887160E-12	3.853530E-12	2.618250E-12
7.500000E-1	3.959010E-12	3.902200E-12	3.881480E-12	2.778740E-12
8.000000E-1	3.980730E-12	3.925280E-12	3.904770E-12	2.916620E-12
8.500000E-1	3.914800E-12	3.947690E-12	3.924400E-12	3.041550E-12
9.000000E-1	4.000490E-12	3.960670E-12	3.939760E-12	3.149460E-12
9.500000E-1	4.086740E-12	3.970960E-12	3.956250E-12	3.247910E-12
1.000000E+0	3.967570E-12	3.985450E-12	3.968460E-12	3.331950E-12
1.050000E+0	4.121500E-12	3.996440E-12	3.980280E-12	3.406390E-12
1.100000E+0	4.018580E-12	4.007840E-12	3.989920E-12	3.473430E-12
1.150000E+0	4.055540E-12	4.017470E-12	3.999000E-12	3.530810E-12
1.200000E+0	4.120580E-12	4.019350E-12	4.008160E-12	3.582750E-12
1.250000E+0	4.078880E-12	4.028230E-12	4.016980E-12	3.628940E-12
1.300000E+0	4.060440E-12	4.042830E-12	4.023410E-12	3.671890E-12
1.350000E+0	4.074170E-12	4.040260E-12	4.029570E-12	3.708350E-12
1.400000E+0	4.031010E-12	3.966010E-12	4.035290E-12	3.742120E-12
1.450000E+0	4.122590E-12	3.970330E-12	4.041930E-12	3.772670E-12
1.500000E+0	4.081510E-12	3.987330E-12	4.046410E-12	3.799270E-12
1.550000E+0	4.120900E-12	4.022430E-12	4.050460E-12	3.823750E-12
1.600000E+0	4.078070E-12	4.057030E-12	4.054820E-12	3.845860E-12
1.650000E+0	4.042590E-12	4.097160E-12	4.057660E-12	3.866280E-12
1.700000E+0	4.150300E-12	4.123530E-12	4.062770E-12	3.883980E-12
1.750000E+0	4.137420E-12	4.131750E-12	4.064760E-12	3.901510E-12
1.800000E+0	4.096350E-12	4.128250E-12	4.068110E-12	3.916240E-12
1.850000E+0	4.112170E-12	4.123420E-12	4.071690E-12	3.930670E-12
1.900000E+0	4.143910E-12	4.118260E-12	4.073850E-12	3.942520E-12
1.950000E+0	4.050010E-12	4.107650E-12	4.075310E-12	3.954040E-12
2.000000E+0	4.132770E-12	4.084100E-12	4.077620E-12	3.964370E-12
2.050000E+0	4.142640E-12	4.063480E-12	4.080270E-12	3.975220E-12
2.100000E+0	4.062360E-12	4.052230E-12	4.082300E-12	3.983900E-12
2.150000E+0	4.135230E-12	4.060070E-12	4.084470E-12	3.991810E-12
2.200000E+0	4.194400E-12	4.052870E-12	4.085940E-12	4.000320E-12
2.250000E+0	4.057880E-12	4.071220E-12	4.085980E-12	4.006110E-12
2.300000E+0	4.113320E-12	4.076260E-12	4.087580E-12	4.013920E-12
2.350000E+0	4.176410E-12	4.098340E-12	4.089760E-12	4.019500E-12
2.400000E+0	4.234790E-12	4.123030E-12	4.091130E-12	4.024960E-12
2.450000E+0	4.125840E-12	4.143300E-12	4.090960E-12	4.030270E-12
2.500000E+0	4.227500E-12	4.150090E-12	4.093140E-12	4.034330E-12
2.550000E+0	4.132170E-12	4.149880E-12	4.092760E-12	4.039940E-12
2.600000E+0	4.113820E-12	4.155750E-12	4.093110E-12	4.043610E-12
2.650000E+0	4.141930E-12	4.146890E-12	4.094080E-12	4.047020E-12
2.700000E+0	4.146360E-12	4.127310E-12	4.094530E-12	4.051800E-12
2.750000E+0	4.132300E-12	4.100660E-12	4.095090E-12	4.053860E-12
2.800000E+0	4.148690E-12	4.089040E-12	4.096290E-12	4.056680E-12
2.850000E+0	4.120250E-12	4.065370E-12	4.095840E-12	4.060030E-12
2.900000E+0	4.098600E-12	4.057720E-12	4.096540E-12	4.063140E-12
2.950000E+0	4.151590E-12	4.069670E-12	4.095970E-12	4.064980E-12
3.000000E+0	4.087290E-12	4.070260E-12	4.098150E-12	4.066560E-12
