V	1.000k	10.000k	100.000k	1.000M
-3.000000E+0	4.091260E-13	4.095820E-13	4.163440E-13	4.211850E-13
-2.950000E+0	4.417070E-13	4.057070E-13	4.161300E-13	4.224400E-13
-2.900000E+0	4.152510E-13	4.095690E-13	4.173220E-13	4.224380E-13
-2.850000E+0	4.233390E-13	4.134040E-13	4.165130E-13	4.234350E-13
-2.800000E+0	4.542900E-13	4.121460E-13	4.183060E-13	4.234850E-13
-2.750000E+0	3.869160E-13	4.102110E-13	4.177700E-13	4.242040E-13
-2.700000E+0	3.942390E-13	4.139440E-13	4.184530E-13	4.248980E-13
-2.650000E+0	3.802920E-13	4.080450E-13	4.189810E-13	4.239130E-13
-2.600000E+0	4.618810E-13	4.108540E-13	4.193750E-13	4.260680E-13
-2.550000E+0	4.191980E-13	4.132760E-13	4.205710E-13	4.262920E-13
-2.500000E+0	3.406900E-13	4.119010E-13	4.211780E-13	4.258340E-13
-2.450000E+0	4.545750E-13	4.119540E-13	4.226770E-13	4.271420E-13
-2.400000E+0	4.882830E-13	4.154400E-13	4.212290E-13	4.269340E-13
-2.350000E+0	4.167250E-13	4.151010E-13	4.211240E-13	4.269110E-13
-2.300000E+0	4.291140E-13	4.150840E-13	4.215770E-13	4.283390E-13
-2.250000E+0	4.312090E-13	4.123040E-13	4.229670E-13	4.286280E-13
-2.200000E+0	4.086880E-13	4.169070E-13	4.216050E-13	4.289660E-13
-2.150000E+0	4.043400E-13	4.081800E-13	4.244740E-13	4.303030E-13
-2.100000E+0	4.482800E-13	4.157270E-13	4.218050E-13	4.304240E-13
-2.050000E+0	4.267170E-13	4.144150E-13	4.225660E-13	4.305160E-13
-2.000000E+0	4.633600E-13	4.137500E-13	4.250740E-13	4.321730E-13
-1.950000E+0	4.272640E-13	4.169240E-13	4.234840E-13	4.319970E-13
-1.900000E+0	3.716810E-13	4.134280E-13	4.248450E-13	4.318470E-13
-1.850000E+0	4.034980E-13	4.107750E-13	4.242030E-13	4.326900E-13
-1.800000E+0	4.030130E-13	4.078950E-13	4.221490E-13	4.330580E-13
-1.750000E+0	4.115540E-13	4.127180E-13	4.260180E-13	4.345070E-13
-1.700000E+0	3.917720E-13	4.721640E-13	4.240030E-13	4.344190E-13
-1.650000E+0	4.460220E-13	4.580470E-13	4.254990E-13	4.349110E-13
-1.600000E+0	3.931670E-13	4.068240E-13	4.256460E-13	4.375290E-13
-1.550000E+0	4.168850E-13	3.665480E-13	4.236540E-13	4.370570E-13
-1.500000E+0	3.982320E-13	3.495530E-13	4.258290E-13	4.384410E-13
-1.450000E+0	4.225700E-13	3.462890E-13	4.265430E-13	4.391340E-13
-1.400000E+0	4.104310E-13	3.565020E-13	4.257840E-13	4.401400E-13
-1.350000E+0	3.755240E-13	3.721470E-13	4.250340E-13	4.401620E-13
-1.300000E+0	4.324230E-13	3.938190E-13	4.269380E-13	4.407200E-13
-1.250000E+0	4.390690E-13	4.089990E-13	4.240870E-13	4.415870E-13
-1.200000E+0	4.253990E-13	4.148750E-13	4.251420E-13	4.437320E-13
-1.150000E+0	4.012590E-13	4.434820E-13	4.263830E-13	4.438250E-13
-1.100000E+0	4.162280E-13	4.560190E-13	4.229870E-13	4.453990E-13
-1.050000E+0	4.800970E-13	4.471260E-13	4.256450E-13	4.469780E-13
-1.000000E+0	3.865250E-13	4.303380E-13	4.266510E-13	4.473660E-13
-9.500000E-1	4.303370E-13	4.132150E-13	4.264380E-13	4.492270E-13
-9.000000E-1	4.760020E-13	4.005780E-13	4.308590E-13	4.520590E-13
-8.500000E-1	4.212870E-13	3.942590E-13	4.308150E-13	4.549240E-13
-8.000000E-1	4.786010E-13	3.880970E-13	4.296410E-13	4.587800E-13
-7.500000E-1	4.111220E-13	3.913220E-13	4.356530E-13	4.612220E-13
-7.000000E-1	4.136080E-13	3.982650E-13	4.385400E-13	4.650570E-13
-6.500000E-1	4.289470E-13	4.050990E-13	4.398050E-13	4.692580E-13
-6.000000E-1	4.444890E-13	4.196970E-13	4.421070E-13	4.730700E-13
-5.500000E-1	4.590820E-13	4.454440E-13	4.453890E-13	4.757370E-13
-5.000000E-1	4.359710E-13	4.504470E-13	4.484620E-13	4.804300E-13
-4.500000E-1	4.462190E-13	4.602440E-13	4.519620E-13	4.855790E-13
-4.000000E-1	4.637620E-13	4.617390E-13	4.530660E-13	4.901190E-13
-3.500000E-1	4.894560E-13	4.804940E-13	4.590420E-13	4.955110E-13
-3.000000E-1	5.559720E-13	4.760580E-13	4.656470E-13	5.020460E-13
-2.500000E-1	5.485960E-13	4.804530E-13	4.703460E-13	5.108860E-13
-2.000000E-1	6.632800E-13	5.064730E-13	4.827040E-13	5.187630E-13
-1.500000E-1	8.142040E-13	5.679220E-13	5.014700E-13	5.297620E-13
-1.000000E-1	1.073730E-12	6.999980E-13	5.393530E-13	5.483780E-13
-5.000000E-2	1.527840E-12	9.575710E-13	6.377190E-13	5.763460E-13
0.000000E+0	1.976470E-12	1.359790E-12	8.639230E-13	6.277140E-13
5.000000E-2	2.427820E-12	1.878660E-12	1.279920E-12	7.129880E-13
1.000000E-1	2.850440E-12	2.369060E-12	1.830910E-12	8.294210E-13
1.500000E-1	3.221060E-12	2.765050E-12	2.358770E-12	9.617920E-13
2.000000E-1	3.320520E-12	3.069790E-12	2.774410E-12	1.116210E-12
2.500000E-1	3.546300E-12	3.290900E-12	3.070780E-12	1.297050E-12
3.000000E-1	3.637140E-12	3.453220E-12	3.283520E-12	1.504520E-12
3.500000E-1	3.658640E-12	3.598940E-12	3.436830E-12	1.734960E-12
4.000000E-1	3.748140E-12	3.684420E-12	3.553280E-12	1.970710E-12
4.500000E-1	3.840290E-12	3.763590E-12	3.640690E-12	2.205670E-12
5.000000E-1	3.840990E-12	3.824730E-12	3.710280E-12	2.422830E-12
5.500000E-1	3.849740E-12	3.862340E-12	3.769420E-12	2.623440E-12
6.000000E-1	3.922640E-12	3.881470E-12	3.815450E-12	2.807940E-12
6.500000E-1	3.954130E-12	3.886220E-12	3.856230E-12	2.967750E-12
7.000000E-1	3.983750E-12	3.887710E-12	3.889640E-12	3.107330E-12
7.500000E-1	3.933050E-12	3.889960E-12	3.918140E-12	3.233850E-12
8.000000E-1	3.987000E-12	3.902840E-12	3.944360E-12	3.342780E-12
8.500000E-1	4.017830E-12	3.925480E-12	3.967210E-12	3.437880E-12
9.000000E-1	4.064420E-12	3.935660E-12	3.985190E-12	3.521480E-12
9.500000E-1	4.041160E-12	3.969970E-12	4.003700E-12	3.597790E-12
1.000000E+0	4.097460E-12	4.020000E-12	4.019210E-12	3.663920E-12
1.050000E+0	4.138080E-12	4.070140E-12	4.034670E-12	3.721880E-12
1.100000E+0	4.112720E-12	4.118110E-12	4.044850E-12	3.774100E-12
1.150000E+0	4.161210E-12	4.132940E-12	4.058630E-12	3.820120E-12
1.200000E+0	4.124210E-12	4.150310E-12	4.067710E-12	3.861790E-12
1.250000E+0	4.102870E-12	4.163290E-12	4.076930E-12	3.899380E-12
1.300000E+0	4.114710E-12	4.167210E-12	4.085150E-12	3.931990E-12
1.350000E+0	4.117920E-12	4.153030E-12	4.094010E-12	3.960810E-12
1.400000E+0	4.164220E-12	4.115410E-12	4.101010E-12	3.987750E-12
1.450000E+0	4.142560E-12	4.110090E-12	4.110870E-12	4.011910E-12
1.500000E+0	4.187990E-12	4.123960E-12	4.116710E-12	4.035650E-12
1.550000E+0	4.154620E-12	4.131600E-12	4.120990E-12	4.055620E-12
1.600000E+0	4.169800E-12	4.140980E-12	4.125460E-12	4.075090E-12
1.650000E+0	4.179540E-12	4.147160E-12	4.131420E-12	4.091150E-12
1.700000E+0	4.186760E-12	4.146230E-12	4.136960E-12	4.105730E-12
1.750000E+0	4.232730E-12	4.149360E-12	4.140130E-12	4.120540E-12
1.800000E+0	4.154490E-12	4.160100E-12	4.144950E-12	4.133720E-12
1.850000E+0	4.216950E-12	4.161840E-12	4.147900E-12	4.145760E-12
1.900000E+0	4.170010E-12	4.166400E-12	4.152190E-12	4.157230E-12
1.950000E+0	4.196580E-12	4.168580E-12	4.153850E-12	4.168450E-12
2.000000E+0	4.186660E-12	4.168230E-12	4.157430E-12	4.177430E-12
2.050000E+0	4.249100E-12	4.172340E-12	4.159930E-12	4.186070E-12
2.100000E+0	4.201570E-12	4.174130E-12	4.164340E-12	4.194520E-12
2.150000E+0	4.143860E-12	4.182630E-12	4.168780E-12	4.202800E-12
2.200000E+0	4.175110E-12	4.185180E-12	4.166560E-12	4.208820E-12
2.250000E+0	4.170040E-12	4.185150E-12	4.171280E-12	4.216620E-12
2.300000E+0	4.266490E-12	4.177990E-12	4.172700E-12	4.222460E-12
2.350000E+0	4.229080E-12	4.184450E-12	4.175170E-12	4.228130E-12
2.400000E+0	4.264320E-12	4.193640E-12	4.176780E-12	4.233320E-12
2.450000E+0	4.198190E-12	4.193180E-12	4.179300E-12	4.238260E-12
2.500000E+0	4.225190E-12	4.194780E-12	4.181620E-12	4.243460E-12
2.550000E+0	4.197080E-12	4.195460E-12	4.185090E-12	4.248350E-12
2.600000E+0	4.209810E-12	4.194630E-12	4.184960E-12	4.251590E-12
2.650000E+0	4.230160E-12	4.191920E-12	4.186640E-12	4.256470E-12
2.700000E+0	4.226580E-12	4.201820E-12	4.189990E-12	4.259100E-12
2.750000E+0	4.207880E-12	4.195700E-12	4.187310E-12	4.263580E-12
2.800000E+0	4.225700E-12	4.200100E-12	4.188930E-12	4.265480E-12
2.850000E+0	4.172940E-12	4.201390E-12	4.188670E-12	4.268500E-12
2.900000E+0	4.241210E-12	4.201450E-12	4.190980E-12	4.272360E-12
2.950000E+0	4.230870E-12	4.202630E-12	4.192630E-12	4.275070E-12
3.000000E+0	4.245610E-12	4.206550E-12	4.192760E-12	4.276700E-12
